7.510650228883605450e+00 3.059245040403503424e+01 1.579467726385657134e+00
7.523247228917898433e+00 3.153250854058392605e+01 1.546806391236210887e+00
7.535844228952191415e+00 3.153217149364115812e+01 1.552165602188185334e+00
7.548441228986485285e+00 3.153071913075991262e+01 1.551116337885116492e+00
7.561038229020778267e+00 3.153485882346615554e+01 1.545862818828815266e+00
7.573635229055071250e+00 3.132124277584451733e+01 1.632024405373512455e+00
7.586232229089364232e+00 3.078712943186141970e+01 1.626269446114706030e+00
7.598829229123657214e+00 3.028500147254085562e+01 1.089351754048288656e+00
7.611426229157951084e+00 2.992130092795412466e+01 1.493106330211624533e+00
7.624023229192244067e+00 2.907078207232535050e+01 1.162702684426395461e+00
7.636620229226537049e+00 2.864634582649494732e+01 1.250172971681168477e+00
7.649217229260830031e+00 2.809591064516351011e+01 1.430968059086543454e+00
7.661814229295123013e+00 2.735836003237439940e+01 1.070383539935989115e+00
7.674411229329416884e+00 2.689431267589749197e+01 1.421321190867000039e+00
7.687008229363709866e+00 2.616823867238371903e+01 9.582629855757135440e-01
7.699605229398002848e+00 2.570139608917638796e+01 9.658227856500292141e-01
7.712202229432295830e+00 2.521943654546061708e+01 1.064085063237527384e+00
7.724799229466588812e+00 2.437257670966658551e+01 7.257113196383733200e-01
7.737396229500882683e+00 2.418510794107302431e+01 1.027463946814332507e+00
7.749993229535175665e+00 2.308241757628547575e+01 7.461570954076213180e-01
7.762590229569468647e+00 2.281506729684302215e+01 6.974100918353751677e-01
7.775187229603761629e+00 2.212645114111866462e+01 9.199085585112026786e-01
7.787784229638054612e+00 2.149604042571861484e+01 7.705006360902268980e-01
7.800381229672348482e+00 2.082685010549359106e+01 7.996141914062450118e-01
7.812978229706641464e+00 2.033831026902172923e+01 7.676689690520334119e-01
7.825575229740934446e+00 1.986993684561731754e+01 7.172079495861030107e-01
7.838172229775227429e+00 1.935829527945182704e+01 6.777281728615376366e-01
7.850769229809520411e+00 1.881067067829022577e+01 6.956743381871445253e-01
7.863366229843814281e+00 1.816678981640914614e+01 8.758059005682511389e-01
7.875963229878107263e+00 1.773046109024529926e+01 5.749442632944319342e-01
7.888560229912400246e+00 1.721922089960238722e+01 5.446531071311858652e-01
7.901157229946693228e+00 1.625570746127147359e+01 7.801798908292235657e-01
7.913754229980986210e+00 1.612482956746703167e+01 6.231852928025423122e-01
7.926351230015280080e+00 1.523656963321794144e+01 6.345233950708575321e-01
7.938948230049573063e+00 1.485310561666973506e+01 7.255455326665648519e-01
7.951545230083866045e+00 1.452894610431513200e+01 3.635029371579790447e-01
7.964142230118159027e+00 1.385393096097773480e+01 6.095260399505330051e-01
7.976739230152452009e+00 1.304128461829039587e+01 5.246938929721928213e-01
7.989336230186745880e+00 1.237366979679325318e+01 5.596215161089297396e-01
8.001933230221037974e+00 1.217852059528881625e+01 5.337383284069205924e-01
8.014530230255331844e+00 1.163944011076992702e+01 6.074137964632086994e-01
8.027127230289625714e+00 1.126722650424810901e+01 6.472139849466427286e-01
8.039724230323917809e+00 1.063295309338290373e+01 9.256562050029740751e-01
8.052321230358211679e+00 9.318318014834485297e+00 8.720358007550110813e-01
8.064918230392503773e+00 8.689005016796524927e+00 7.273198457560431374e-01
8.077515230426797643e+00 8.448778580767189794e+00 2.444632711340737063e-01
8.090112230461091514e+00 7.658752858932676766e+00 4.459269254727415976e-01
8.102709230495383608e+00 7.522676360478970814e+00 8.068669746620098504e-01
8.115306230529677478e+00 6.885158314905384103e+00 8.257476365153634257e-01
8.127903230563969572e+00 6.445092235683868687e+00 6.109724657109745216e-01
8.140500230598263443e+00 6.115204561287189478e+00 7.640072937255433239e-01
8.153097230632557313e+00 5.061133401963375356e+00 7.534729958647599091e-01
8.165694230666849407e+00 5.060042654959851838e+00 8.219784557275523484e-01
8.178291230701143277e+00 5.438999364285628246e+00 1.093089844487959539e+00
8.190888230735435371e+00 5.463357812534752611e+00 1.541702625992005027e+00
8.203485230769729242e+00 5.047599500777749881e+00 1.166390758878039779e+00
8.216082230804023112e+00 5.011026625333002471e+00 1.094597363501425225e+00
8.228679230838315206e+00 4.865945427933505485e+00 9.747024367052804505e-01
8.241276230872609077e+00 5.377872149048576134e+00 1.097967228484317825e+00
8.253873230906901171e+00 5.584525559886511559e+00 1.236533137072749700e+00
8.266470230941195041e+00 5.864874422230665019e+00 1.174866309085123017e+00
8.279067230975488911e+00 5.737638400325795196e+00 1.406788270201983826e+00
8.291664231009781005e+00 5.751634207581188818e+00 1.440356827326295663e+00
8.304261231044074876e+00 4.640789722967654463e+00 1.453099202114852995e+00
8.316858231078366970e+00 6.033389982864967749e+00 1.407118920325154399e+00
8.329455231112660840e+00 6.521922615206777962e+00 1.679717882068320511e+00
8.342052231146954711e+00 6.207903408818102875e+00 1.637228569295458458e+00
8.354649231181246805e+00 6.736955944254927608e+00 1.338847814285140103e+00
8.367246231215540675e+00 7.841092164624750893e+00 2.157567653727114898e+00
8.379843231249832769e+00 7.784101639006674844e+00 1.524286336843045708e+00
8.392440231284126639e+00 8.369990110082902390e+00 1.732282841179363375e+00
8.405037231318420510e+00 9.010133649709947790e+00 1.956488495290871432e+00
8.417634231352712604e+00 9.642974545995878444e+00 1.572160094219830384e+00
8.430231231387006474e+00 1.082841344109528947e+01 1.066893200383020934e+00
8.442828231421298568e+00 1.196109970077195506e+01 2.954354277755933400e-01
8.455425231455592439e+00 1.304604428341565736e+01 1.116142964599894594e+00
8.468022231489886309e+00 1.314577954516442126e+01 9.563702020029172246e-01
8.480619231524178403e+00 1.401358112032507286e+01 8.658518574342902729e-01
8.493216231558472273e+00 1.485546442763921604e+01 9.556063295735846008e-01
8.505813231592764367e+00 1.579341786370209455e+01 1.231608013385961486e+00
8.518410231627058238e+00 1.628420091974468420e+01 5.372461528001820641e-01
8.531007231661352108e+00 1.725997787105739434e+01 5.254362841421209573e-01
8.543604231695644202e+00 1.866095954195611739e+01 1.093404644395261416e+00
8.556201231729938073e+00 1.913514921895235688e+01 7.572414740210370310e-01
8.568798231764230167e+00 1.980046276133337457e+01 7.948589731444729578e-01
8.581395231798524037e+00 2.014451406336942796e+01 8.426978648939237315e-01
8.593992231832817907e+00 2.157790586132800215e+01 8.285517769150076983e-01
8.606589231867110001e+00 2.176004662117995636e+01 6.015664220192895595e-01
8.619186231901403872e+00 2.284288762528206718e+01 7.888218000712382549e-01
8.631783231935695966e+00 2.354418580429714325e+01 6.672514007556423765e-01
8.644380231969989836e+00 2.435727726178262031e+01 7.397375190441202619e+00
8.656977232004283707e+00 2.510312687256102748e+01 8.684190669551608011e-01
8.669574232038575801e+00 2.640334254052558549e+01 8.797827663230979311e-01
8.682171232072869671e+00 2.786430780257247974e+01 1.288413066400132978e+00
8.694768232107161765e+00 2.818522987599060770e+01 1.853677999697315837e+00
8.707365232141455635e+00 2.830963509400533695e+01 1.602936091416061304e+00
8.719962232175749506e+00 2.857876120469391168e+01 1.394974084913455314e+00
8.732559232210041600e+00 2.859408773285800720e+01 1.392962819212756997e+00
8.745156232244335470e+00 2.858936952001799625e+01 1.397465235557529661e+00
8.757753232278627564e+00 2.859597315189929034e+01 1.384709243073610763e+00
