7.510650228883605450e+00 3.038768129190069445e+01 3.315336302559721560e-01
7.523247228917898433e+00 3.181932400557548135e+01 2.060348819194285142e+00
7.535844228952191415e+00 3.180421730695149307e+01 2.164638859691317307e+00
7.548441228986485285e+00 3.183107435036455968e+01 6.733510863340725905e-01
7.561038229020778267e+00 3.163946246919861238e+01 1.747266385377677977e+00
7.573635229055071250e+00 3.068519851666808407e+01 8.061835796329717141e-01
7.586232229089364232e+00 3.080432174821891422e+01 1.373627220886376676e+00
7.598829229123657214e+00 2.985921086190306895e+01 5.204055807471021922e-01
7.611426229157951084e+00 2.966369784811264054e+01 8.323051624723394326e-01
7.624023229192244067e+00 2.913717856675141959e+01 9.649765433332131437e-01
7.636620229226537049e+00 2.828678323458150246e+01 5.476590959625475818e-01
7.649217229260830031e+00 2.785273862987715887e+01 7.851730870409525664e-01
7.661814229295123013e+00 2.727673398267644345e+01 2.046713350819317156e+00
7.674411229329416884e+00 2.656864988013307993e+01 1.447884169233333296e+00
7.687008229363709866e+00 2.614039719973134268e+01 4.223112170892491690e+00
7.699605229398002848e+00 2.559762816817212894e+01 1.496519329135532317e+00
7.712202229432295830e+00 2.533964218242458344e+01 8.229774669847707003e-01
7.724799229466588812e+00 2.479989545693803166e+01 4.382003006704131565e-01
7.737396229500882683e+00 2.444871992911549796e+01 3.891833222363434430e-01
7.749993229535175665e+00 2.392926106078275694e+01 3.562656541704921409e+00
7.762590229569468647e+00 2.313217201163962855e+01 3.844717450235739520e+00
7.775187229603761629e+00 2.269810361077446714e+01 8.941119967376849331e-01
7.787784229638054612e+00 2.141119126351146207e+01 8.664757946181413928e-01
7.800381229672348482e+00 2.104869537407092395e+01 7.668361781224568574e-01
7.812978229706641464e+00 2.098860576894596974e+01 1.202784526018856326e+00
7.825575229740934446e+00 2.077829615803391761e+01 1.256833689418774824e+00
7.838172229775227429e+00 2.050206785046463764e+01 7.128563585451512807e-01
7.850769229809520411e+00 1.973715774919245192e+01 1.632666728870537654e+00
7.863366229843814281e+00 1.951113876917240475e+01 2.068300823321898463e+00
7.875963229878107263e+00 1.892045960376755431e+01 3.576218317765709642e+00
7.888560229912400246e+00 1.745829704429613116e+01 4.940026797510412848e-01
7.901157229946693228e+00 1.687210568186629800e+01 4.618467794924203673e-01
7.913754229980986210e+00 1.626979986499029351e+01 6.238169777712183617e-01
7.926351230015280080e+00 1.678063245811110349e+01 7.325501891970098711e-01
7.938948230049573063e+00 1.572839750296186168e+01 0.000000000000000000e+00
7.951545230083866045e+00 1.516877608515822828e+01 3.059316899058272199e+00
7.964142230118159027e+00 1.394840889605102063e+01 7.049810791115742603e-01
7.976739230152452009e+00 1.386413731028552299e+01 4.598774167425316861e-01
7.989336230186745880e+00 1.387251477473508743e+01 6.663687764325700869e-01
8.001933230221037974e+00 1.266730226776374124e+01 3.551308677050011298e+00
8.014530230255331844e+00 1.241871635715078170e+01 2.774176461204271860e-01
8.027127230289625714e+00 1.157163827007443224e+01 6.938873211380185424e-01
8.039724230323917809e+00 9.366726801215122578e+00 4.333416037693220701e-01
8.052321230358211679e+00 8.618822284002741085e+00 2.087285380357162268e-01
8.064918230392503773e+00 8.639685030973216939e+00 1.722065886987342864e-01
8.077515230426797643e+00 8.446385819179765164e+00 3.640574219311325521e-01
8.090112230461091514e+00 8.467538608769856978e+00 0.000000000000000000e+00
8.102709230495383608e+00 9.067562093509435428e+00 9.954550587456756361e-01
8.115306230529677478e+00 6.857863758567223300e+00 4.676576846288358347e-01
8.127903230563969572e+00 6.128618088506218697e+00 2.022623453770644453e-01
8.140500230598263443e+00 5.551317822541748548e+00 3.531564492773742181e-01
8.153097230632557313e+00 5.000423569277222313e+00 1.215480349459991949e-01
8.165694230666849407e+00 5.000272659524899410e+00 1.486459161880500091e-01
8.178291230701143277e+00 6.916832586966661367e+00 1.736869976055910314e-01
8.190888230735435371e+00 6.897722719980921902e+00 1.472559973614049333e-01
8.203485230769729242e+00 6.809754001711976201e+00 2.103063245439926732e-01
8.216082230804023112e+00 6.534977793194146400e+00 3.369098512206432083e-01
8.228679230838315206e+00 6.591617759822826272e+00 1.170776742357091393e-01
8.241276230872609077e+00 7.130520085891134840e+00 4.646088268241439501e-01
8.253873230906901171e+00 7.715387820182947110e+00 0.000000000000000000e+00
8.266470230941195041e+00 6.336299466742820741e+00 0.000000000000000000e+00
8.279067230975488911e+00 6.883200462272313302e+00 1.740015586368737210e-01
8.291664231009781005e+00 6.993000366856001015e+00 2.192339014925859253e-01
8.304261231044074876e+00 6.905360210841235968e+00 2.881802671703335150e-01
8.316858231078366970e+00 5.000091257990207261e+00 0.000000000000000000e+00
8.329455231112660840e+00 5.114044508258291266e+00 2.167370781052815332e-01
8.342052231146954711e+00 6.028651950622510469e+00 1.495291231661384224e-01
8.354649231181246805e+00 6.406933067990431496e+00 8.893289986941512737e-01
8.367246231215540675e+00 6.613555172040751273e+00 5.465543712943210508e-02
8.379843231249832769e+00 7.715684378671475940e+00 3.732217810452422846e-01
8.392440231284126639e+00 8.334140933593134903e+00 1.741346267659773517e-01
8.405037231318420510e+00 9.520025024624672483e+00 8.085214775558942080e-01
8.417634231352712604e+00 9.271586139065881582e+00 4.168263534036373841e-01
8.430231231387006474e+00 1.084273238395974026e+01 3.401074593394488588e-01
8.442828231421298568e+00 1.162462344603210340e+01 1.873093679744962436e+00
8.455425231455592439e+00 1.254344191808371001e+01 7.387308683789326480e-01
8.468022231489886309e+00 1.314720631156535191e+01 3.550597146850709152e-01
8.480619231524178403e+00 1.402790115370475021e+01 6.722705166300455559e-01
8.493216231558472273e+00 1.619815020586052512e+01 1.129321662060171150e+00
8.505813231592764367e+00 1.533028634000785928e+01 4.474759633259717262e-01
8.518410231627058238e+00 1.605081414423225894e+01 6.925305963970096457e-01
8.531007231661352108e+00 1.782990118449507122e+01 4.971876804461867749e-01
8.543604231695644202e+00 1.811677641599049338e+01 8.672151792716906726e-01
8.556201231729938073e+00 1.876238668794944786e+01 4.886600133637060139e-01
8.568798231764230167e+00 2.002613204215061060e+01 5.067918999500253818e-01
8.581395231798524037e+00 2.051747833187878456e+01 4.632627976176184603e-01
8.593992231832817907e+00 2.162370092151473955e+01 8.868307535852988366e-01
8.606589231867110001e+00 2.183733902372827274e+01 4.987242824120361462e-01
8.619186231901403872e+00 2.235674305151689012e+01 7.199145850841546235e-01
8.631783231935695966e+00 2.340157220741525634e+01 5.497996240075799790e-01
8.644380231969989836e+00 2.430737396545963946e+01 3.285556677086155730e+00
8.656977232004283707e+00 2.371525372771654716e+01 1.021277031105261912e+00
8.669574232038575801e+00 2.564228342727173526e+01 5.281736495240618723e-01
8.682171232072869671e+00 2.667652212509091569e+01 2.113076984261084590e+00
8.694768232107161765e+00 2.827233302132814785e+01 1.842998138043091316e+00
8.707365232141455635e+00 2.883952499429270944e+01 2.513162890341018141e+00
8.719962232175749506e+00 3.084736568972730097e+01 1.304266853099147028e+00
8.732559232210041600e+00 3.089088297347809942e+01 1.122390169080645705e+00
8.745156232244335470e+00 3.090590013355501142e+01 1.848729979428931358e+00
8.757753232278627564e+00 3.090596813137053900e+01 2.323763840216404475e+00
