7.510650228883605450e+00 2.744794645490995322e+01 0.000000000000000000e+00
7.523247228917898433e+00 3.029193973740570556e+01 1.335572663270250260e+00
7.535844228952191415e+00 3.028209358515894323e+01 1.357540595898782954e+00
7.548441228986485285e+00 3.029921820717559200e+01 6.413616531726038517e-01
7.561038229020778267e+00 3.077153613306954583e+01 1.775593328072051946e+00
7.573635229055071250e+00 5.976959337664589356e+01 6.921888679981478276e-01
7.586232229089364232e+00 5.795866465597197248e+01 0.000000000000000000e+00
7.598829229123657214e+00 5.838426622264675103e+01 9.273315254641119054e+00
7.611426229157951084e+00 5.774054022279523934e+01 8.876265495962073260e+00
7.624023229192244067e+00 5.746064888547564209e+01 9.854597271691119431e+00
7.636620229226537049e+00 5.796515358323411959e+01 1.086102319371757829e+01
7.649217229260830031e+00 5.891725451847256778e+01 0.000000000000000000e+00
7.661814229295123013e+00 2.531157996541328359e+01 0.000000000000000000e+00
7.674411229329416884e+00 2.434413507439445468e+01 6.608063352978863492e-01
7.687008229363709866e+00 2.459003651244644573e+01 2.186759006259697102e+00
7.699605229398002848e+00 2.372209190366098852e+01 0.000000000000000000e+00
7.712202229432295830e+00 2.275468655824109376e+01 4.951783015938122645e-01
7.724799229466588812e+00 2.239668631718001990e+01 6.571662399826188050e-01
7.737396229500882683e+00 2.238350541192800236e+01 5.265365117507840864e-01
7.749993229535175665e+00 2.150626181363925227e+01 4.317141062541853813e-01
7.762590229569468647e+00 2.250415531720547690e+01 0.000000000000000000e+00
7.775187229603761629e+00 2.153377743106350195e+01 5.045226801065698652e-01
7.787784229638054612e+00 2.203474462790423871e+01 0.000000000000000000e+00
7.800381229672348482e+00 2.059500698738500546e+01 5.107165909730984055e-01
7.812978229706641464e+00 1.916982692455320247e+01 6.551973011818557069e-01
7.825575229740934446e+00 1.920256170227706249e+01 4.245950985584272530e-01
7.838172229775227429e+00 1.804966921718592943e+01 1.157472647798561738e+00
7.850769229809520411e+00 1.706672288035017715e+01 0.000000000000000000e+00
7.863366229843814281e+00 1.672038541129462885e+01 7.791262053477954197e-01
7.875963229878107263e+00 1.648755586484966074e+01 4.243605910544729909e-01
7.888560229912400246e+00 1.634100138596033958e+01 6.050853435816385684e-01
7.901157229946693228e+00 1.564217003399111938e+01 9.373503467051849114e-01
7.913754229980986210e+00 1.538193318431046741e+01 5.449165495346903754e-01
7.926351230015280080e+00 1.477555165950862559e+01 4.290705763160662656e-01
7.938948230049573063e+00 1.380135637052883801e+01 7.368861034123428411e-01
7.951545230083866045e+00 1.339575730825813338e+01 9.503647648483921628e-01
7.964142230118159027e+00 1.295772589028286248e+01 3.773333847169002553e-01
7.976739230152452009e+00 1.393796231520092199e+01 1.769631952485094750e+00
7.989336230186745880e+00 1.167657054386412696e+01 4.018417706018722058e-01
8.001933230221037974e+00 1.153361973046848377e+01 3.780916869836117300e-01
8.014530230255331844e+00 1.072365877726317507e+01 6.807108177651466363e-01
8.027127230289625714e+00 9.379903167030869682e+00 3.306171531963926213e-01
8.039724230323917809e+00 8.955972048460592916e+00 2.788509793838009898e-01
8.052321230358211679e+00 8.947736309290423407e+00 2.607650665165008874e-01
8.064918230392503773e+00 8.513121226810396180e+00 2.223441432174917409e-01
8.077515230426797643e+00 8.758573768491928035e+00 9.894738454360787472e-01
8.090112230461091514e+00 7.288394141160866369e+00 0.000000000000000000e+00
8.102709230495383608e+00 6.492125091067507903e+00 3.605797939305102062e-01
8.115306230529677478e+00 6.025190452266882879e+00 1.312814493349385714e-01
8.127903230563969572e+00 5.438132545644169369e+00 3.281796040781248536e-01
8.140500230598263443e+00 5.000338238524879131e+00 7.667286792050820310e-02
8.153097230632557313e+00 5.000458614260933743e+00 4.015872865311465034e-03
8.165694230666849407e+00 6.340491121795257534e+00 2.305931906080349592e-01
8.178291230701143277e+00 6.196930727238761705e+00 1.499441584254106452e-01
8.190888230735435371e+00 5.607899971089916669e+00 1.707896979003034055e-01
8.203485230769729242e+00 5.296601744923782107e+00 2.803896667465513026e-01
8.216082230804023112e+00 5.643327284281925316e+00 3.510102891414179638e-01
8.228679230838315206e+00 6.116647111540951975e+00 4.129482017474934707e-01
8.241276230872609077e+00 6.782740127291325472e+00 1.586441112299761258e-01
8.253873230906901171e+00 7.330816657784629875e+00 0.000000000000000000e+00
8.266470230941195041e+00 6.186100814187291519e+00 0.000000000000000000e+00
8.279067230975488911e+00 6.674519903107351659e+00 0.000000000000000000e+00
8.291664231009781005e+00 6.910882360021634696e+00 0.000000000000000000e+00
8.304261231044074876e+00 7.035933621966363738e+00 0.000000000000000000e+00
8.316858231078366970e+00 7.086522155169157067e+00 6.436078115916266107e-01
8.329455231112660840e+00 5.837759076144461545e+00 4.321553423083797085e-01
8.342052231146954711e+00 6.553781814109013837e+00 1.843651150416110163e-01
8.354649231181246805e+00 6.841634711643148847e+00 4.006298128805791947e-01
8.367246231215540675e+00 7.059202714582821336e+00 2.993225849413136963e-01
8.379843231249832769e+00 8.475124001299397136e+00 2.414949781800315165e-01
8.392440231284126639e+00 9.217504966483167195e+00 2.987816417409723257e-01
8.405037231318420510e+00 1.063859091242443355e+01 7.587816471835342469e-01
8.417634231352712604e+00 9.833022644246232957e+00 0.000000000000000000e+00
8.430231231387006474e+00 1.110200527983022845e+01 3.378320445765332636e-01
8.442828231421298568e+00 1.198245235318395530e+01 3.007986697223792305e-01
8.455425231455592439e+00 1.342794732150516346e+01 3.549938402578556307e-01
8.468022231489886309e+00 1.408206460115215286e+01 3.966848027978358004e-01
8.480619231524178403e+00 1.488657086069964386e+01 3.898509646832293285e-01
8.493216231558472273e+00 1.501709552143577930e+01 6.223892213356982950e-01
8.505813231592764367e+00 1.587602205506772002e+01 4.871357847974646660e-01
8.518410231627058238e+00 1.637345888565358720e+01 4.203028193153377501e-01
8.531007231661352108e+00 1.967045513273543378e+01 4.973028900875924307e-01
8.543604231695644202e+00 1.998905767127905619e+01 1.064272535547367227e+00
8.556201231729938073e+00 2.045289071941791192e+01 8.140529451345575040e-01
8.568798231764230167e+00 2.107546927854064123e+01 5.449170504101346069e-01
8.581395231798524037e+00 2.164896372704424010e+01 5.683459074466004068e-01
8.593992231832817907e+00 2.364553832547040813e+01 1.231874747768436862e+00
8.606589231867110001e+00 2.270894953943037464e+01 1.093587586852546423e+00
8.619186231901403872e+00 2.275320419161831964e+01 1.210058158100482117e+00
8.631783231935695966e+00 2.516166856266914209e+01 3.155256019722777694e+00
8.644380231969989836e+00 2.743160525376696057e+01 0.000000000000000000e+00
8.656977232004283707e+00 2.828826780439194977e+01 7.693628944993147201e-01
8.669574232038575801e+00 2.666931320302956721e+01 9.461660948023720152e-01
8.682171232072869671e+00 3.352799186914717211e+01 1.573103668847075198e+00
8.694768232107161765e+00 3.221162452270834109e+01 1.542601280708405298e+00
8.707365232141455635e+00 4.748514565906678087e+01 7.442120911671956662e-01
8.719962232175749506e+00 3.151445782241280114e+01 7.411773734387807622e-01
8.732559232210041600e+00 3.152436840545824737e+01 1.046775186747929354e+00
8.745156232244335470e+00 3.152820166929343060e+01 5.750611896884230134e-01
8.757753232278627564e+00 3.150244990438057258e+01 5.775795107023835584e-01
