7.510650228883605450e+00 3.131268305587252598e+01 2.519231856347001752e-01
7.523247228917898433e+00 3.249058154211705585e+01 3.255903714289038575e+00
7.535844228952191415e+00 3.248377189214486549e+01 2.764698514009459984e+00
7.548441228986485285e+00 3.249973409719488160e+01 1.032798620851856697e+00
7.561038229020778267e+00 3.244891387779817649e+01 2.072042409178827427e+00
7.573635229055071250e+00 3.176384393545304263e+01 7.172116044828591441e-01
7.586232229089364232e+00 3.127025651155860331e+01 2.219406649971030987e+00
7.598829229123657214e+00 3.081171115876485800e+01 3.394798609942016654e+00
7.611426229157951084e+00 3.015494765734169036e+01 8.001102080848294662e-01
7.624023229192244067e+00 3.002910688730966626e+01 1.490791414603570786e+00
7.636620229226537049e+00 2.900669579387108854e+01 7.378475256666909843e-01
7.649217229260830031e+00 2.827436354644380145e+01 1.346837650308428280e+00
7.661814229295123013e+00 2.839063771020670757e+01 2.281630036040150245e+00
7.674411229329416884e+00 2.696442606388082552e+01 7.192943460230925012e-01
7.687008229363709866e+00 2.620194405055048392e+01 4.421530286802024534e-01
7.699605229398002848e+00 2.566311307623575644e+01 1.179657747458930928e+00
7.712202229432295830e+00 2.516816611403535475e+01 1.104252866213609963e+00
7.724799229466588812e+00 2.480661132631780674e+01 1.055929646599665261e+00
7.737396229500882683e+00 2.374545212659244697e+01 4.626122380756898522e+00
7.749993229535175665e+00 2.356554835249279023e+01 5.284777128943005664e-01
7.762590229569468647e+00 2.267901447786943692e+01 8.455909841922100156e-01
7.775187229603761629e+00 2.209819343465212427e+01 3.232676006964565474e+00
7.787784229638054612e+00 2.141512114032834546e+01 6.969673151257715915e-01
7.800381229672348482e+00 2.090737980810808594e+01 4.925215115526206944e-01
7.812978229706641464e+00 2.027281520874012699e+01 3.590382826707818609e+00
7.825575229740934446e+00 2.002410181304416170e+01 9.555052310934772919e-01
7.838172229775227429e+00 1.912689088138718674e+01 5.777189875776560513e-01
7.850769229809520411e+00 1.876686541265506136e+01 4.077888697236833337e-01
7.863366229843814281e+00 1.802220746438572618e+01 4.893590592781293935e-01
7.875963229878107263e+00 1.771023905569979462e+01 3.855293334078364609e-01
7.888560229912400246e+00 1.704000084213830846e+01 1.178288074915760930e+00
7.901157229946693228e+00 1.665969195973243444e+01 4.238117667085088414e-01
7.913754229980986210e+00 1.559715957237391848e+01 4.219460513677679714e-01
7.926351230015280080e+00 1.548543691243100362e+01 3.980764193864869682e-01
7.938948230049573063e+00 1.526637389228130104e+01 3.927636451156200081e-01
7.951545230083866045e+00 1.429421936217757860e+01 5.540700353213336982e-01
7.964142230118159027e+00 1.402830639331708795e+01 5.470534284378159029e-01
7.976739230152452009e+00 1.292428994494556171e+01 4.379695790354709573e-01
7.989336230186745880e+00 1.237510253077563682e+01 3.520576572530087489e-01
8.001933230221037974e+00 1.220101941682021973e+01 8.471758146342924789e-01
8.014530230255331844e+00 1.231553440273397548e+01 3.575739913200006725e-01
8.027127230289625714e+00 1.115749068816971068e+01 8.692994618707441390e-01
8.039724230323917809e+00 1.067007180872379912e+01 4.205135284587253608e-01
8.052321230358211679e+00 1.069613275390468665e+01 6.733153157044204917e-01
8.064918230392503773e+00 9.481600647576124530e+00 3.754889216532912855e-01
8.077515230426797643e+00 8.322598318226141600e+00 2.234289251134349286e-01
8.090112230461091514e+00 7.652427425070541744e+00 2.210068280977783850e-01
8.102709230495383608e+00 7.520259537586254872e+00 1.968667069436187411e-01
8.115306230529677478e+00 7.374866248796622337e+00 2.784725276958490703e-01
8.127903230563969572e+00 7.189422396483871935e+00 0.000000000000000000e+00
8.140500230598263443e+00 7.482011749555561586e+00 0.000000000000000000e+00
8.153097230632557313e+00 6.061848053140029613e+00 0.000000000000000000e+00
8.165694230666849407e+00 5.271342102294331866e+00 0.000000000000000000e+00
8.178291230701143277e+00 5.000276547257467286e+00 0.000000000000000000e+00
8.190888230735435371e+00 5.000033586891754922e+00 0.000000000000000000e+00
8.203485230769729242e+00 5.000070506246795610e+00 1.170798573178233326e-01
8.216082230804023112e+00 5.000040268121670906e+00 5.708026133608301578e-02
8.228679230838315206e+00 5.000009792738073777e+00 4.929137180451892419e-02
8.241276230872609077e+00 5.000087016229655568e+00 5.392579513598771968e-02
8.253873230906901171e+00 5.000286880246470389e+00 6.394899327700276359e-02
8.266470230941195041e+00 5.000091510109118786e+00 5.088840713523712367e-02
8.279067230975488911e+00 5.000048923311849691e+00 0.000000000000000000e+00
8.291664231009781005e+00 5.000017056813682359e+00 4.014943291425230321e-01
8.304261231044074876e+00 5.171865271326798741e+00 9.493629451389162810e-02
8.316858231078366970e+00 5.702274427672864299e+00 1.137693159147259436e-01
8.329455231112660840e+00 6.212138402775146950e+00 1.179286313885645754e-01
8.342052231146954711e+00 6.973661677633306688e+00 3.366084328097249667e-01
8.354649231181246805e+00 7.839631078978744227e+00 7.049939279181143270e-01
8.367246231215540675e+00 8.769767273759050852e+00 0.000000000000000000e+00
8.379843231249832769e+00 7.530160220805877991e+00 0.000000000000000000e+00
8.392440231284126639e+00 7.774794838195647984e+00 4.131940204855535370e-01
8.405037231318420510e+00 8.998478934264667828e+00 1.672773145841564002e-01
8.417634231352712604e+00 9.618676963955177683e+00 6.588455722931874092e-01
8.430231231387006474e+00 1.045435439017362533e+01 2.826357169281870085e-01
8.442828231421298568e+00 1.152863250087607128e+01 3.814778395812989942e-01
8.455425231455592439e+00 1.169920408826325264e+01 3.933044089282704547e-01
8.468022231489886309e+00 1.314738849740821180e+01 4.753475824124731020e-01
8.480619231524178403e+00 1.265881054214337986e+01 4.245975405625488364e-01
8.493216231558472273e+00 1.310847016387363695e+01 4.460656762805923492e-01
8.505813231592764367e+00 1.336779401800929712e+01 4.460877004743188934e-01
8.518410231627058238e+00 1.464425274992584391e+01 6.067588973041955214e-01
8.531007231661352108e+00 4.579843535109548469e+01 5.417890458407281784e-01
8.543604231695644202e+00 4.687974167090111166e+01 1.195219716811859101e+01
8.556201231729938073e+00 4.674645344145959314e+01 9.739169973927889856e+00
8.568798231764230167e+00 4.415627107463878076e+01 0.000000000000000000e+00
8.581395231798524037e+00 4.490608224832600825e+01 0.000000000000000000e+00
8.593992231832817907e+00 2.008606971655949636e+01 0.000000000000000000e+00
8.606589231867110001e+00 2.092662510513562069e+01 9.444328201405909340e-01
8.619186231901403872e+00 2.236509570748787112e+01 7.841704092228933831e-01
8.631783231935695966e+00 2.394111702156636312e+01 7.670149740017464524e-01
8.644380231969989836e+00 2.362443024956834847e+01 0.000000000000000000e+00
8.656977232004283707e+00 2.471162804507213195e+01 1.113384321382008935e+00
8.669574232038575801e+00 2.662779505746171438e+01 1.102559208643373978e+00
8.682171232072869671e+00 2.744264871218616264e+01 1.377372924376537355e+00
8.694768232107161765e+00 2.794312644717383165e+01 2.236449121347479974e+00
8.707365232141455635e+00 2.916890785020646959e+01 1.153783149042066469e+00
8.719962232175749506e+00 3.037285748949541997e+01 1.196487195138324466e+00
8.732559232210041600e+00 3.050883896792711525e+01 1.717824134410912862e+00
8.745156232244335470e+00 3.047724380069037409e+01 4.802547416384008727e-01
8.757753232278627564e+00 3.050770580615640881e+01 3.663079268476604256e+00
