7.510650228883605450e+00 2.796523104268310789e+01 4.228607773823096494e-01
7.523247228917898433e+00 2.721268028799396177e+01 9.185315875202313407e-01
7.535844228952191415e+00 2.721013544780065274e+01 7.243155852439802089e-01
7.548441228986485285e+00 2.720546848902615622e+01 8.559206116247786156e-01
7.561038229020778267e+00 2.703029202443949686e+01 1.249109140112091509e+00
7.573635229055071250e+00 2.741971192798565937e+01 9.329116516259201575e-01
7.586232229089364232e+00 2.823511129083250992e+01 7.131900557044019706e-01
7.598829229123657214e+00 2.729246842212054602e+01 5.413752257055115535e-01
7.611426229157951084e+00 2.882097496783094925e+01 5.168182693065563882e-01
7.624023229192244067e+00 2.667929581537647721e+01 7.657765359331651922e-01
7.636620229226537049e+00 2.604355643231266981e+01 4.952649515490978871e-01
7.649217229260830031e+00 2.560335927171474424e+01 5.878589583148290387e-01
7.661814229295123013e+00 2.452711666991422135e+01 8.883743781166923981e-01
7.674411229329416884e+00 2.479339805269494335e+01 5.364612421970367251e-01
7.687008229363709866e+00 2.393391280393894505e+01 1.484385261233054365e+00
7.699605229398002848e+00 2.374152946226103467e+01 1.581076395083508501e+00
7.712202229432295830e+00 2.392497890103284774e+01 3.992550543310411371e-01
7.724799229466588812e+00 2.314712818718670206e+01 1.954258136046123084e+00
7.737396229500882683e+00 2.264238870397209524e+01 6.696304856608197298e-01
7.749993229535175665e+00 2.204903411906462907e+01 6.827141471625139957e-01
7.762590229569468647e+00 2.118172959021821455e+01 1.007577506027715231e+00
7.775187229603761629e+00 2.113698660146978625e+01 8.987230564557595613e-01
7.787784229638054612e+00 1.940432055577883119e+01 3.499640701656169028e+00
7.800381229672348482e+00 1.957498762287970351e+01 7.947103908717760845e-01
7.812978229706641464e+00 1.903149370538941199e+01 1.033770364885079118e+00
7.825575229740934446e+00 1.894734740909439452e+01 2.439474686255069358e+00
7.838172229775227429e+00 1.782929025393382361e+01 5.549967533468596059e-01
7.850769229809520411e+00 1.782158451819094225e+01 4.183821539748393548e-01
7.863366229843814281e+00 1.744348595396169443e+01 8.576921849550789290e-01
7.875963229878107263e+00 1.681209368623448341e+01 6.799543371640179856e-01
7.888560229912400246e+00 1.583780812978440622e+01 8.321963701114398759e-01
7.901157229946693228e+00 1.517094579519765674e+01 4.127931973307967795e-01
7.913754229980986210e+00 1.453225286197211297e+01 4.537912736770826072e-01
7.926351230015280080e+00 1.430699429055074212e+01 7.088108369671113351e-01
7.938948230049573063e+00 1.417430151206998090e+01 3.997120679951473576e-01
7.951545230083866045e+00 1.301633379417586944e+01 6.713002448467593197e-01
7.964142230118159027e+00 1.275207962056139621e+01 0.000000000000000000e+00
7.976739230152452009e+00 1.226871989501232463e+01 3.853689955363277519e-01
7.989336230186745880e+00 1.170809266415137273e+01 7.489409173129368824e-01
8.001933230221037974e+00 1.138950189068667740e+01 3.468648375723475397e-01
8.014530230255331844e+00 1.111935242853232708e+01 3.064022993609043510e-01
8.027127230289625714e+00 1.127339134879041005e+01 0.000000000000000000e+00
8.039724230323917809e+00 9.124676553273438628e+00 8.344102551290815128e-01
8.052321230358211679e+00 8.363643636429880956e+00 3.723554823975501193e-01
8.064918230392503773e+00 8.175643880934217123e+00 3.743029986258603614e-01
8.077515230426797643e+00 8.059007177110130371e+00 1.723231568362360022e-01
8.090112230461091514e+00 7.281077578477861856e+00 3.420795079306158115e-01
8.102709230495383608e+00 6.645304602004561190e+00 1.885459231810235892e-01
8.115306230529677478e+00 6.238458231319682135e+00 1.350447772431260240e-01
8.127903230563969572e+00 5.865524361415586085e+00 1.547534946504933728e-01
8.140500230598263443e+00 5.632405762482637357e+00 3.526619947884159778e-01
8.153097230632557313e+00 6.063703150474605508e+00 1.472187498118868731e-01
8.165694230666849407e+00 7.396793621386093420e+00 0.000000000000000000e+00
8.178291230701143277e+00 7.842405716126947368e+00 0.000000000000000000e+00
8.190888230735435371e+00 5.211100328372442192e+01 4.533812156961429807e-01
8.203485230769729242e+00 5.310883835325441282e+01 9.100243465615633909e+00
8.216082230804023112e+00 5.207392578984367759e+01 9.490453635994327897e+00
8.228679230838315206e+00 5.112459750263793978e+01 8.947129565983761523e+00
8.241276230872609077e+00 5.129949679576935040e+01 7.779303317467089585e+00
8.253873230906901171e+00 5.108342057180708906e+01 4.452484623180147594e+00
8.266470230941195041e+00 4.982360172749618954e+01 1.352549125637732885e+00
8.279067230975488911e+00 5.009907292904946985e+01 7.958542278162550332e+00
8.291664231009781005e+00 4.943450956861328649e+01 8.943020023913309302e+00
8.304261231044074876e+00 4.934412335074994616e+01 8.290611817757977065e+00
8.316858231078366970e+00 4.805902899472606293e+01 8.850163912099990426e+00
8.329455231112660840e+00 4.939890624827534538e+01 8.791996641618258224e+00
8.342052231146954711e+00 4.800529416829326124e+01 7.155978207263984814e+00
8.354649231181246805e+00 1.001952857956634624e+01 8.799996363098493646e+00
8.367246231215540675e+00 7.951971024779520114e+00 5.282510403695628298e-01
8.379843231249832769e+00 8.387546937091112653e+00 2.575265479610733266e-01
8.392440231284126639e+00 9.296903938725479932e+00 3.042782105786239200e-01
8.405037231318420510e+00 1.005719539490959669e+01 4.224789326077686979e-01
8.417634231352712604e+00 1.039030176449666953e+01 3.299727280077435765e-01
8.430231231387006474e+00 1.145482798212516329e+01 4.836027300391432249e-01
8.442828231421298568e+00 1.218248982153168392e+01 3.001215278262687747e-01
8.455425231455592439e+00 1.470495620083619492e+01 1.114881455486402828e+00
8.468022231489886309e+00 1.410548131025099394e+01 5.353875799239959932e-01
8.480619231524178403e+00 1.483311117781201638e+01 3.626633567070722819e-01
8.493216231558472273e+00 1.510169226565571421e+01 4.888532020496825226e-01
8.505813231592764367e+00 1.584489862799400406e+01 5.496207595410211866e-01
8.518410231627058238e+00 1.772692515156430559e+01 8.241387293155995053e-01
8.531007231661352108e+00 1.748310064582824097e+01 6.911146466720410331e-01
8.543604231695644202e+00 1.862859696942406273e+01 4.214650220974665018e-01
8.556201231729938073e+00 1.992897709524125105e+01 4.547127795160506025e-01
8.568798231764230167e+00 2.009641485350385537e+01 1.040291310330745844e+00
8.581395231798524037e+00 2.124550020800568007e+01 0.000000000000000000e+00
8.593992231832817907e+00 2.200901983751870006e+01 0.000000000000000000e+00
8.606589231867110001e+00 2.361333859705338156e+01 6.044067630376375178e-01
8.619186231901403872e+00 4.325893307512513530e+01 1.984201919513139956e+00
8.631783231935695966e+00 4.498704141711974103e+01 0.000000000000000000e+00
8.644380231969989836e+00 4.586242012028368720e+01 0.000000000000000000e+00
8.656977232004283707e+00 4.389722271939675835e+01 0.000000000000000000e+00
8.669574232038575801e+00 4.391944706747926830e+01 8.118797310987638127e+00
8.682171232072869671e+00 4.407922981714206401e+01 0.000000000000000000e+00
8.694768232107161765e+00 4.455356327739868050e+01 0.000000000000000000e+00
8.707365232141455635e+00 4.348208221768320669e+01 4.305225037609044847e+00
8.719962232175749506e+00 4.484115167226644871e+01 5.340590148406967330e+00
8.732559232210041600e+00 4.493061240291090996e+01 0.000000000000000000e+00
8.745156232244335470e+00 4.495002069838896119e+01 8.618825118863963297e+00
8.757753232278627564e+00 4.493062521608570847e+01 5.768726341408754621e+00
