7.510650228883605450e+00 2.797134920929715207e+01 3.668794737693765740e-01
7.523247228917898433e+00 2.722561486757371085e+01 6.733854516583797079e-01
7.535844228952191415e+00 2.719292281380178267e+01 6.796476274569585030e-01
7.548441228986485285e+00 2.722318743255437568e+01 8.411495156131305606e-01
7.561038229020778267e+00 2.701288578299487853e+01 8.500449181409255317e-01
7.573635229055071250e+00 2.745807249180085918e+01 8.837768787131601300e-01
7.586232229089364232e+00 2.825508663524518482e+01 5.097664142860196534e-01
7.598829229123657214e+00 2.728110879088052698e+01 7.367912083709295956e-01
7.611426229157951084e+00 2.880331714642002083e+01 6.863086928691917166e-01
7.624023229192244067e+00 2.665425918548109507e+01 9.190543593730975402e-01
7.636620229226537049e+00 2.601004670531471419e+01 4.478339301302547426e-01
7.649217229260830031e+00 2.561836437157078095e+01 0.000000000000000000e+00
7.661814229295123013e+00 2.452136736808975570e+01 8.261876765628617392e-01
7.674411229329416884e+00 2.481638196482461112e+01 8.600447677236662258e-01
7.687008229363709866e+00 2.392956213224433881e+01 1.025437088190901846e+00
7.699605229398002848e+00 2.374251531307384155e+01 7.284924993628099088e-01
7.712202229432295830e+00 2.397058501323878232e+01 4.089112217591477361e-01
7.724799229466588812e+00 2.313508238125438510e+01 1.823118888803895388e+00
7.737396229500882683e+00 2.262886106589100521e+01 3.942693296749091303e-01
7.749993229535175665e+00 2.204330317256534144e+01 4.530070853493182170e-01
7.762590229569468647e+00 2.117147954717054503e+01 6.165252955055642303e-01
7.775187229603761629e+00 2.114607278255278899e+01 5.097167046044361882e-01
7.787784229638054612e+00 1.939487802826251794e+01 4.854237803099579196e-01
7.800381229672348482e+00 1.958262181294454862e+01 7.172873037317835099e-01
7.812978229706641464e+00 1.900788132857564960e+01 1.039117430560215993e+00
7.825575229740934446e+00 1.891321891275490330e+01 5.305211141215533388e-01
7.838172229775227429e+00 1.784255694966642025e+01 4.889302515962512530e-01
7.850769229809520411e+00 1.781032200825594813e+01 3.735064291211411813e-01
7.863366229843814281e+00 1.744755253023248542e+01 9.859330459967079463e-01
7.875963229878107263e+00 1.681578218464246888e+01 5.073861938277541839e-01
7.888560229912400246e+00 1.582798058146239839e+01 6.511451572815047939e-01
7.901157229946693228e+00 1.518396514070847481e+01 4.573938715934726673e-01
7.913754229980986210e+00 1.452496275290002714e+01 4.320487332948301784e-01
7.926351230015280080e+00 1.429762413448243308e+01 4.522483288893210940e-01
7.938948230049573063e+00 1.418118599261148916e+01 3.899007935986151807e-01
7.951545230083866045e+00 1.296452931020542287e+01 5.500610652414676949e-01
7.964142230118159027e+00 1.275054655775030454e+01 3.968027262864515237e-01
7.976739230152452009e+00 1.226975248866228796e+01 3.928540820434562875e-01
7.989336230186745880e+00 1.169755544557516025e+01 3.578389473789567177e-01
8.001933230221037974e+00 1.139041219793594806e+01 3.557821010618207325e-01
8.014530230255331844e+00 1.110950214694790716e+01 3.661843388760646079e-01
8.027127230289625714e+00 1.127801714659794641e+01 2.214880060245054239e+00
8.039724230323917809e+00 9.108891349805960047e+00 4.992010956570780422e-01
8.052321230358211679e+00 8.334951672743756035e+00 4.031647798102522273e-01
8.064918230392503773e+00 8.164735221608902194e+00 2.249541333846298841e-01
8.077515230426797643e+00 8.053499774748244633e+00 3.417887608357625950e-01
8.090112230461091514e+00 7.277130718451773284e+00 2.255758963340617207e-01
8.102709230495383608e+00 6.640627027452732811e+00 1.527640727177477231e-01
8.115306230529677478e+00 6.240260548832663012e+00 1.680633947105105719e-01
8.127903230563969572e+00 5.876587233589054549e+00 1.251148152966825577e-01
8.140500230598263443e+00 5.631920316637367918e+00 1.028384570319880176e-01
8.153097230632557313e+00 6.060462560167840351e+00 1.732548113094654063e-01
8.165694230666849407e+00 7.412648401914289309e+00 2.373629160976413743e-01
8.178291230701143277e+00 7.825785124960630945e+00 8.146384380375564227e-01
8.190888230735435371e+00 7.445992388663102091e+00 4.845284731418013635e-01
8.203485230769729242e+00 5.225712706869855850e+01 3.668433804061699277e-01
8.216082230804023112e+00 5.207565853690370261e+01 8.392309985039975828e+00
8.228679230838315206e+00 5.111668261742019581e+01 8.822309175209159804e+00
8.241276230872609077e+00 5.131572936808057506e+01 2.723630276177672727e+00
8.253873230906901171e+00 5.105518934227850991e+01 1.204941274467238088e+00
8.266470230941195041e+00 4.980608116613623793e+01 7.916225999459545193e+00
8.279067230975488911e+00 5.010076501289286455e+01 6.522784898798740016e+00
8.291664231009781005e+00 4.941658029273159514e+01 8.756460098018699512e+00
8.304261231044074876e+00 4.935991095056828470e+01 8.403395773284707104e+00
8.316858231078366970e+00 4.803445306889300070e+01 8.567776898415637277e+00
8.329455231112660840e+00 4.938091385607383188e+01 8.448704026746831630e+00
8.342052231146954711e+00 1.443374797056839043e+01 9.063509642499191443e+00
8.354649231181246805e+00 9.625546321958443841e+00 8.090679449208746377e-01
8.367246231215540675e+00 7.798944051451424109e+00 4.699282117808261106e-01
8.379843231249832769e+00 8.337143627109234956e+00 3.456480748825452309e-01
8.392440231284126639e+00 9.294761439061749897e+00 3.012350509945918020e-01
8.405037231318420510e+00 1.006278750257387955e+01 2.997870473228232413e-01
8.417634231352712604e+00 1.040100249516709852e+01 6.775763055652905820e-01
8.430231231387006474e+00 1.145657598544055844e+01 3.804438060257995247e-01
8.442828231421298568e+00 1.218370339363148958e+01 3.017322361705687683e-01
8.455425231455592439e+00 1.468823669629347961e+01 0.000000000000000000e+00
8.468022231489886309e+00 1.413190494752992166e+01 4.457018345032821571e-01
8.480619231524178403e+00 1.490190680734237638e+01 3.896528774834937536e-01
8.493216231558472273e+00 1.503861322996186090e+01 4.327182279319599090e-01
8.505813231592764367e+00 1.583315386702183680e+01 5.136226443050624368e-01
8.518410231627058238e+00 1.772214989829067022e+01 5.021021408176622458e-01
8.531007231661352108e+00 1.752805110817985224e+01 0.000000000000000000e+00
8.543604231695644202e+00 1.863012904637570344e+01 4.564647165911175364e-01
8.556201231729938073e+00 1.991970797306718666e+01 4.820426041157510610e-01
8.568798231764230167e+00 2.009204335453868495e+01 1.042155218467643252e+00
8.581395231798524037e+00 2.125192493729053211e+01 6.808379922189544686e-01
8.593992231832817907e+00 2.201443491862293556e+01 0.000000000000000000e+00
8.606589231867110001e+00 2.363734663866321384e+01 6.915815509468465905e-01
8.619186231901403872e+00 4.321350473764936595e+01 4.223351617472406616e+00
8.631783231935695966e+00 4.501341225107257316e+01 0.000000000000000000e+00
8.644380231969989836e+00 4.587247308839034332e+01 0.000000000000000000e+00
8.656977232004283707e+00 4.390099619726035485e+01 1.306037239083034862e+01
8.669574232038575801e+00 4.390948296441598586e+01 8.435180045380658242e+00
8.682171232072869671e+00 4.407571368854666360e+01 0.000000000000000000e+00
8.694768232107161765e+00 4.454786046528194277e+01 0.000000000000000000e+00
8.707365232141455635e+00 4.351041280161771851e+01 2.760718735666056745e+00
8.719962232175749506e+00 4.480757296950430657e+01 1.036980098878137824e+01
8.732559232210041600e+00 4.493041583309602061e+01 9.555140936928289364e+00
8.745156232244335470e+00 4.493001639915927825e+01 6.323151911401591718e+00
8.757753232278627564e+00 4.494810753087833177e+01 6.046293537855888189e+00
