7.510650228883605450e+00 3.079919594285451012e+01 2.289646071100275293e-01
7.523247228917898433e+00 3.172391295360081642e+01 1.731939748075360441e+00
7.535844228952191415e+00 3.171843665921610622e+01 7.170791806697884851e-01
7.548441228986485285e+00 3.173239552914245110e+01 6.335285351233750362e-01
7.561038229020778267e+00 3.160250576698004821e+01 1.437656813060240069e+00
7.573635229055071250e+00 3.124207850483519877e+01 3.294053436462974105e+00
7.586232229089364232e+00 3.115293068229961548e+01 6.329772409711118542e-01
7.598829229123657214e+00 2.993706985318326375e+01 1.961058489602475419e+00
7.611426229157951084e+00 2.977752576025549303e+01 9.905304884333379078e-01
7.624023229192244067e+00 2.959925674519362460e+01 2.119192627033903875e+00
7.636620229226537049e+00 2.845456060941708643e+01 3.487051415251730901e+00
7.649217229260830031e+00 2.813541922024365505e+01 7.232058705395036924e-01
7.661814229295123013e+00 2.732518126660727020e+01 8.380895668568157930e-01
7.674411229329416884e+00 2.709727315567709738e+01 6.293222676295791018e-01
7.687008229363709866e+00 2.681748042544613853e+01 1.246730834295428636e+00
7.699605229398002848e+00 2.603411021880133092e+01 1.127536585514462786e+00
7.712202229432295830e+00 2.540340713132805917e+01 1.076383286591163113e+00
7.724799229466588812e+00 2.492416970931424913e+01 1.519577133678625458e+00
7.737396229500882683e+00 2.423483012757581889e+01 4.536162189230630304e-01
7.749993229535175665e+00 2.373712383454511965e+01 2.952102921144462044e+00
7.762590229569468647e+00 2.353964545174885714e+01 1.240786708944334293e+00
7.775187229603761629e+00 2.285159320945635741e+01 2.562150364702910466e+00
7.787784229638054612e+00 2.257783406541283000e+01 4.906209268325518735e-01
7.800381229672348482e+00 2.192897848710416753e+01 4.272758567888708114e-01
7.812978229706641464e+00 2.106686212199396024e+01 7.844275496734898212e-01
7.825575229740934446e+00 2.064187216643028222e+01 9.444617327677846674e-01
7.838172229775227429e+00 1.950425481886508194e+01 0.000000000000000000e+00
7.850769229809520411e+00 1.947477445586764944e+01 4.686948683185629960e-01
7.863366229843814281e+00 1.862025430238938384e+01 6.506920343879301072e-01
7.875963229878107263e+00 1.852481215329023811e+01 5.038163403510029781e-01
7.888560229912400246e+00 1.754440880350461995e+01 4.422744369971223222e-01
7.901157229946693228e+00 1.773022527650393698e+01 8.464804968372163785e-01
7.913754229980986210e+00 1.649198155921519415e+01 4.886806373316119334e-01
7.926351230015280080e+00 1.621898213591023108e+01 3.785316772232913962e-01
7.938948230049573063e+00 1.511944982568363827e+01 4.217450399265842975e-01
7.951545230083866045e+00 1.503480576331337026e+01 4.018279021324726585e-01
7.964142230118159027e+00 1.629260993202410290e+01 0.000000000000000000e+00
7.976739230152452009e+00 1.329590162117670360e+01 5.081959775189996975e-01
7.989336230186745880e+00 1.297265364066458737e+01 4.139667524913717145e-01
8.001933230221037974e+00 1.199730955724247927e+01 3.879811241771715657e-01
8.014530230255331844e+00 1.201671152325804748e+01 3.425862090643114755e-01
8.027127230289625714e+00 1.155780875260223439e+01 3.719149764750460108e-01
8.039724230323917809e+00 1.172749869394444211e+01 0.000000000000000000e+00
8.052321230358211679e+00 9.498217248528185053e+00 0.000000000000000000e+00
8.064918230392503773e+00 8.667971142807884277e+00 3.956853345571014202e-01
8.077515230426797643e+00 8.683691378203876710e+00 1.937880311340611783e-01
8.090112230461091514e+00 8.191371166827330796e+00 4.933290874843576646e-01
8.102709230495383608e+00 7.055849613189974612e+00 2.519861567378778311e-01
8.115306230529677478e+00 6.217040866172265368e+00 1.820717724037579366e-01
8.127903230563969572e+00 5.944273453292824527e+00 1.312769916433920159e-01
8.140500230598263443e+00 5.521773043814175885e+00 1.513275729569554251e-01
8.153097230632557313e+00 5.471109272569349535e+00 7.809889528693991778e-02
8.165694230666849407e+00 5.756656149194421701e+00 1.229524387638729621e-01
8.178291230701143277e+00 7.881652158513653639e+00 0.000000000000000000e+00
8.190888230735435371e+00 8.775765901628059140e+00 0.000000000000000000e+00
8.203485230769729242e+00 5.211841443196308887e+01 5.228345142918078281e-01
8.216082230804023112e+00 5.239734965066384120e+01 1.137177124695849528e+01
8.228679230838315206e+00 5.087160619452692600e+01 1.508434097534501461e+01
8.241276230872609077e+00 5.157973751495628534e+01 1.905331939999533120e+01
8.253873230906901171e+00 5.137043045368468341e+01 9.903116583969712394e+00
8.266470230941195041e+00 4.963019187216478656e+01 1.274296026105080770e+01
8.279067230975488911e+00 5.021189161690618619e+01 1.013297024563230764e+01
8.291664231009781005e+00 4.919799984544088289e+01 9.724139605675741649e+00
8.304261231044074876e+00 4.963114780662431258e+01 9.896016412289192488e+00
8.316858231078366970e+00 4.776138186664745433e+01 9.068989913043076001e+00
8.329455231112660840e+00 4.965342249644790940e+01 8.556242994669656099e+00
8.342052231146954711e+00 1.000187137866864262e+01 0.000000000000000000e+00
8.354649231181246805e+00 6.669990526304461653e+00 1.060379397678808289e+00
8.367246231215540675e+00 6.175952122514868137e+00 0.000000000000000000e+00
8.379843231249832769e+00 7.580643573794516143e+00 1.641736975884775518e-01
8.392440231284126639e+00 8.333610486423468799e+00 2.140781439566401545e-01
8.405037231318420510e+00 8.987301709707050890e+00 2.045002259931969490e-01
8.417634231352712604e+00 9.795643160100825142e+00 5.122143089369100011e-01
8.430231231387006474e+00 1.074352565649233782e+01 3.512957373685603457e-01
8.442828231421298568e+00 1.181776338007861682e+01 3.193224428848182583e-01
8.455425231455592439e+00 1.304103722225564255e+01 0.000000000000000000e+00
8.468022231489886309e+00 1.387999359635090180e+01 4.202917293577890234e-01
8.480619231524178403e+00 1.368315547791494957e+01 4.126418973363970011e-01
8.493216231558472273e+00 1.443357936017256726e+01 4.539278358410765435e-01
8.505813231592764367e+00 1.537963765141571848e+01 5.877891968060788841e-01
8.518410231627058238e+00 1.709870234940613543e+01 4.196368677918922430e-01
8.531007231661352108e+00 1.693745749486986085e+01 0.000000000000000000e+00
8.543604231695644202e+00 1.829181310036835129e+01 4.557005025356648531e-01
8.556201231729938073e+00 1.941060399024638272e+01 5.860228321376190763e-01
8.568798231764230167e+00 1.912027974957384657e+01 1.501634091487581202e+00
8.581395231798524037e+00 2.037860483327840555e+01 4.460339886231103890e-01
8.593992231832817907e+00 2.096192162973789408e+01 0.000000000000000000e+00
8.606589231867110001e+00 2.236748248775888115e+01 5.173613358288324804e-01
8.619186231901403872e+00 2.266002319237048468e+01 0.000000000000000000e+00
8.631783231935695966e+00 2.258517984096753750e+01 4.947317522443288595e-01
8.644380231969989836e+00 2.493237646589080114e+01 0.000000000000000000e+00
8.656977232004283707e+00 2.672687743808043237e+01 6.881531396819537960e+00
8.669574232038575801e+00 4.404085877763980506e+01 7.069969546068577415e-01
8.682171232072869671e+00 2.488505087729539866e+01 0.000000000000000000e+00
8.694768232107161765e+00 2.764578236456696914e+01 1.087880219858952557e+00
8.707365232141455635e+00 2.899624088681747480e+01 5.658208435892877475e-01
8.719962232175749506e+00 4.456869851747867273e+01 1.242063312665658614e+00
8.732559232210041600e+00 4.459209805000547533e+01 1.185520476465594975e+01
8.745156232244335470e+00 4.459619418147157432e+01 0.000000000000000000e+00
8.757753232278627564e+00 4.457467551475575362e+01 1.208934586844785386e+01
