7.510650228883605450e+00 3.130477590770688323e+01 3.990452603985481517e-01
7.523247228917898433e+00 3.248088759118804347e+01 8.711538269991052630e-01
7.535844228952191415e+00 3.248151201678201971e+01 2.230729563278746497e+00
7.548441228986485285e+00 3.247377218058658599e+01 9.798479423248700471e-01
7.561038229020778267e+00 3.242339352196257352e+01 1.455307254277444784e+00
7.573635229055071250e+00 3.177981294453944727e+01 2.020424619496703045e+00
7.586232229089364232e+00 3.128826023331484052e+01 2.134804527673539454e+00
7.598829229123657214e+00 3.080573694965446663e+01 2.151159380403402821e+00
7.611426229157951084e+00 3.015766335785354713e+01 1.229155031315951163e+00
7.624023229192244067e+00 3.001572941018835650e+01 2.687107391346508223e+00
7.636620229226537049e+00 2.901112658625608987e+01 6.664283842111675682e-01
7.649217229260830031e+00 2.826246760773358702e+01 4.387867531471755456e+00
7.661814229295123013e+00 2.837330733660951765e+01 7.104565370347053488e-01
7.674411229329416884e+00 2.697636261916556322e+01 3.329205933381610194e+00
7.687008229363709866e+00 2.620101335573890822e+01 1.129004563866930155e+00
7.699605229398002848e+00 2.566753304413833447e+01 9.040327935093159795e-01
7.712202229432295830e+00 2.518824301864427539e+01 1.557707766064577726e+00
7.724799229466588812e+00 2.478480585286422411e+01 1.598906130465993058e+00
7.737396229500882683e+00 2.373074208001563790e+01 3.204249029837951568e+00
7.749993229535175665e+00 2.356795337562199677e+01 1.306013363157090268e+00
7.762590229569468647e+00 2.267011221372507634e+01 1.467109200676913972e+00
7.775187229603761629e+00 2.208017827990109083e+01 1.555430166696304184e+00
7.787784229638054612e+00 2.139540001462448870e+01 3.487773080517046154e+00
7.800381229672348482e+00 2.088952923511668658e+01 1.020829174212911639e+00
7.812978229706641464e+00 2.028279647551716991e+01 9.089438270211669391e-01
7.825575229740934446e+00 2.000697416869856937e+01 5.340233176267332738e-01
7.838172229775227429e+00 1.916038880691125712e+01 0.000000000000000000e+00
7.850769229809520411e+00 1.878091498646286084e+01 4.090285317187660752e-01
7.863366229843814281e+00 1.800172126728265098e+01 4.799429526481624464e-01
7.875963229878107263e+00 1.770967075175476069e+01 4.198727697016373384e-01
7.888560229912400246e+00 1.708837475810219786e+01 1.304986403348703305e+00
7.901157229946693228e+00 1.666024578837499703e+01 4.375486345357142426e-01
7.913754229980986210e+00 1.556663469261714283e+01 2.440636191514968800e+00
7.926351230015280080e+00 1.548226142095407631e+01 5.335733470151264868e-01
7.938948230049573063e+00 1.526557396586125570e+01 3.703331673869039165e-01
7.951545230083866045e+00 1.435418971498457630e+01 0.000000000000000000e+00
7.964142230118159027e+00 1.402921880205180472e+01 4.248289146245358694e-01
7.976739230152452009e+00 1.293675876612015152e+01 9.797169886835144226e-01
7.989336230186745880e+00 1.236542636276482909e+01 3.436776540524606460e-01
8.001933230221037974e+00 1.219360842706886672e+01 3.760824423680197981e-01
8.014530230255331844e+00 1.230937002859834628e+01 3.392559189498189909e-01
8.027127230289625714e+00 1.110677667298791604e+01 0.000000000000000000e+00
8.039724230323917809e+00 1.067397811398846486e+01 2.969868606600423178e-01
8.052321230358211679e+00 1.068457090020148748e+01 4.589505446137494005e-01
8.064918230392503773e+00 9.485618279884594273e+00 3.781584329743354900e-01
8.077515230426797643e+00 8.327692449704509059e+00 3.378056152769470799e-01
8.090112230461091514e+00 7.654952269740284088e+00 3.244198540744145376e-01
8.102709230495383608e+00 7.533067473046492601e+00 1.931085743677161126e-01
8.115306230529677478e+00 7.376418783999442397e+00 3.057597162341108010e-01
8.127903230563969572e+00 7.187030962018734925e+00 0.000000000000000000e+00
8.140500230598263443e+00 7.476585608877036826e+00 0.000000000000000000e+00
8.153097230632557313e+00 6.046140676171684269e+00 0.000000000000000000e+00
8.165694230666849407e+00 5.268405200212846751e+00 0.000000000000000000e+00
8.178291230701143277e+00 5.000031343659446570e+00 0.000000000000000000e+00
8.190888230735435371e+00 5.000088353994767587e+00 0.000000000000000000e+00
8.203485230769729242e+00 5.000204065237830342e+00 0.000000000000000000e+00
8.216082230804023112e+00 5.000036465548734377e+00 4.355134974319341268e-02
8.228679230838315206e+00 5.000151199614728981e+00 5.152004900758644368e-02
8.241276230872609077e+00 5.000121754227953019e+00 5.468986897222238852e-02
8.253873230906901171e+00 5.000070703582271570e+00 5.588282571307345847e-02
8.266470230941195041e+00 5.000060263943940875e+00 5.888300031159161563e-01
8.279067230975488911e+00 5.000032909616622945e+00 0.000000000000000000e+00
8.291664231009781005e+00 5.000065761849836754e+00 1.568648209737832921e-01
8.304261231044074876e+00 5.170748995833857720e+00 7.253970913231944095e-02
8.316858231078366970e+00 5.696260607152028754e+00 1.289493692145016190e-01
8.329455231112660840e+00 6.205998463220216088e+00 7.310013751295807438e-02
8.342052231146954711e+00 6.972978900375313316e+00 2.509078646928082357e-01
8.354649231181246805e+00 7.836923225675620053e+00 4.605249838771214854e-01
8.367246231215540675e+00 8.772473280318488165e+00 0.000000000000000000e+00
8.379843231249832769e+00 7.533969425785566720e+00 2.362468297971589415e-01
8.392440231284126639e+00 7.776944070271714970e+00 9.433958555918344757e-01
8.405037231318420510e+00 8.983203725769554282e+00 3.123670409161958261e-01
8.417634231352712604e+00 9.614591853150981748e+00 5.346485519797692376e-01
8.430231231387006474e+00 1.045004044708492330e+01 2.967164251341491976e-01
8.442828231421298568e+00 1.152716371354229175e+01 8.117923111340861198e-01
8.455425231455592439e+00 1.169980077918127215e+01 4.309166582527552691e-01
8.468022231489886309e+00 1.315631432978023518e+01 3.067455271151429130e-01
8.480619231524178403e+00 1.267820940150772557e+01 4.414250521295102203e-01
8.493216231558472273e+00 1.312610362438200262e+01 7.490920913448810836e-01
8.505813231592764367e+00 1.337021052712881364e+01 3.880138932119647777e-01
8.518410231627058238e+00 1.463835911465397999e+01 4.437652132506801905e-01
8.531007231661352108e+00 4.591174279178490991e+01 8.271458073909823128e-01
8.543604231695644202e+00 4.689273215661965821e+01 9.042798122318934873e+00
8.556201231729938073e+00 4.678864586024413796e+01 1.448655062144078087e+01
8.568798231764230167e+00 4.418086633243512296e+01 0.000000000000000000e+00
8.581395231798524037e+00 4.487486299184404714e+01 0.000000000000000000e+00
8.593992231832817907e+00 2.005112522668937913e+01 0.000000000000000000e+00
8.606589231867110001e+00 2.093619842157295707e+01 8.675795731357496265e-01
8.619186231901403872e+00 2.237957868197790390e+01 0.000000000000000000e+00
8.631783231935695966e+00 2.392841936260546376e+01 7.181535958974496481e-01
8.644380231969989836e+00 2.361419274199608509e+01 1.122932022890070769e+00
8.656977232004283707e+00 2.470182788985989575e+01 6.109177362016389168e-01
8.669574232038575801e+00 2.666681560485159608e+01 1.375235109938930833e+00
8.682171232072869671e+00 2.743817478120276476e+01 0.000000000000000000e+00
8.694768232107161765e+00 2.792502641322292334e+01 1.127629254420719818e+00
8.707365232141455635e+00 2.916613740660758580e+01 1.692737669143335566e+00
8.719962232175749506e+00 3.038759888948861843e+01 1.384729163745774372e+00
8.732559232210041600e+00 3.050548388514432929e+01 2.411118941530112636e+00
8.745156232244335470e+00 3.048932513163581959e+01 1.504309677960980807e+00
8.757753232278627564e+00 3.049197903068791859e+01 1.633193192279987827e+00
