7.510650228883605450e+00 5.827899433271564789e+01 7.951681849124554446e-01
7.523247228917898433e+00 5.915622401845718059e+01 0.000000000000000000e+00
7.535844228952191415e+00 5.917662643593767058e+01 0.000000000000000000e+00
7.548441228986485285e+00 5.916155754798449351e+01 0.000000000000000000e+00
7.561038229020778267e+00 5.925127936748354074e+01 0.000000000000000000e+00
7.573635229055071250e+00 5.985194840487438483e+01 0.000000000000000000e+00
7.586232229089364232e+00 5.978655590254831509e+01 1.329447263848840066e+01
7.598829229123657214e+00 5.815750390620959820e+01 0.000000000000000000e+00
7.611426229157951084e+00 5.908162178132708675e+01 0.000000000000000000e+00
7.624023229192244067e+00 5.805261110313667672e+01 0.000000000000000000e+00
7.636620229226537049e+00 5.725845019515254819e+01 0.000000000000000000e+00
7.649217229260830031e+00 5.900613997106654551e+01 0.000000000000000000e+00
7.661814229295123013e+00 5.738568734091219881e+01 0.000000000000000000e+00
7.674411229329416884e+00 5.793629731688244533e+01 0.000000000000000000e+00
7.687008229363709866e+00 5.811661357050055443e+01 0.000000000000000000e+00
7.699605229398002848e+00 2.707195787414007526e+01 0.000000000000000000e+00
7.712202229432295830e+00 2.493307067589299919e+01 1.339022117074282647e+00
7.724799229466588812e+00 2.486464472320449559e+01 5.995425095646176317e-01
7.737396229500882683e+00 2.448435065023676671e+01 1.384438506385167855e+00
7.749993229535175665e+00 2.373862892803773406e+01 1.299104228941772021e+00
7.762590229569468647e+00 2.372512685346815786e+01 5.724823228090247795e-01
7.775187229603761629e+00 2.208867039012253741e+01 0.000000000000000000e+00
7.787784229638054612e+00 2.163056056958885520e+01 9.906599993953584260e-01
7.800381229672348482e+00 2.130299696113788244e+01 4.328880349042911746e-01
7.812978229706641464e+00 2.100632038995327378e+01 1.112549973242952461e+00
7.825575229740934446e+00 2.021182243129029743e+01 4.998352168746311719e-01
7.838172229775227429e+00 1.940211751444107335e+01 6.279826609100087609e-01
7.850769229809520411e+00 1.902252663977227343e+01 5.240063694343906064e-01
7.863366229843814281e+00 1.843152321030709118e+01 4.849723581575222653e-01
7.875963229878107263e+00 1.809605789672615828e+01 1.008520527925709231e+00
7.888560229912400246e+00 1.724013887571630832e+01 1.533470937295877690e+00
7.901157229946693228e+00 1.623931546743333598e+01 4.882350617012267691e-01
7.913754229980986210e+00 1.669196827280485351e+01 5.445391319791497153e-01
7.926351230015280080e+00 1.538814382220570742e+01 4.675320532712543553e-01
7.938948230049573063e+00 1.570876815860529341e+01 0.000000000000000000e+00
7.951545230083866045e+00 1.442315565098633279e+01 5.901000427835061402e-01
7.964142230118159027e+00 1.415991603793286302e+01 4.910999815609446983e-01
7.976739230152452009e+00 1.294411381481688750e+01 7.502518685050514335e-01
7.989336230186745880e+00 1.260465321453082943e+01 4.087927941475895111e-01
8.001933230221037974e+00 1.326723979725304758e+01 1.260811124838675745e+00
8.014530230255331844e+00 1.157118871568278529e+01 0.000000000000000000e+00
8.027127230289625714e+00 1.143161429509179250e+01 4.042458742554417839e-01
8.039724230323917809e+00 1.063991335077852440e+01 3.689598870235419881e-01
8.052321230358211679e+00 9.318390365344079385e+00 7.389630672499567510e-01
8.064918230392503773e+00 8.712069937708266210e+00 2.556069036095776070e-01
8.077515230426797643e+00 8.510327273839616069e+00 3.540974748576504183e-01
8.090112230461091514e+00 8.387185012736855683e+00 3.366391530475345562e-01
8.102709230495383608e+00 8.120226376507707400e+00 1.326337542249014234e-01
8.115306230529677478e+00 8.357669738594843523e+00 0.000000000000000000e+00
8.127903230563969572e+00 6.627681096436985442e+00 4.590303887897562163e-01
8.140500230598263443e+00 5.801336977616495361e+00 1.726274686647673029e-01
8.153097230632557313e+00 5.116367069269143641e+00 1.168513293034418865e-01
8.165694230666849407e+00 5.000012363920784964e+00 9.055039173659906737e-02
8.178291230701143277e+00 5.000319826650770239e+00 1.840186159415058142e-03
8.190888230735435371e+00 5.000001659108623819e+00 9.564966512539108123e-02
8.203485230769729242e+00 8.042570953587903304e+00 2.355873100768217654e-01
8.216082230804023112e+00 5.098048757237555861e+01 4.579821173351730224e-01
8.228679230838315206e+00 5.277085823816025112e+01 1.022316359027090726e+01
8.241276230872609077e+00 5.118330011805348789e+01 1.128602931014892619e+01
8.253873230906901171e+00 5.049740077181493092e+01 9.574523331181566732e+00
8.266470230941195041e+00 5.071301922475210944e+01 3.671854287856564980e+00
8.279067230975488911e+00 5.004954454112790074e+01 9.178021690439106095e+00
8.291664231009781005e+00 4.988760060294676890e+01 9.318384131687203364e+00
8.304261231044074876e+00 4.878047087070992660e+01 8.444579075496690734e+00
8.316858231078366970e+00 4.994635028137660271e+01 7.424109239075519895e+00
8.329455231112660840e+00 1.000049421083958023e+01 7.992592586379497988e+00
8.342052231146954711e+00 6.668330115074994069e+00 7.788396903987724329e-01
8.354649231181246805e+00 6.158882765301766149e+00 1.058374331368745480e-01
8.367246231215540675e+00 7.050907219157061867e+00 1.001958329787648871e-01
8.379843231249832769e+00 8.152780898992324055e+00 7.531441372606995088e-02
8.392440231284126639e+00 9.427076872890172154e+00 7.351091695953115845e-01
8.405037231318420510e+00 8.997468963792256247e+00 4.655062921991586222e-01
8.417634231352712604e+00 9.989894934705953133e+00 3.620354787953337095e-01
8.430231231387006474e+00 1.108163530686012876e+01 2.959614357164408460e-01
8.442828231421298568e+00 1.213481978338267631e+01 6.736716790176213721e-01
8.455425231455592439e+00 1.311854383667697022e+01 4.994011683394594669e-01
8.468022231489886309e+00 1.278219137494234836e+01 4.182605246998676307e-01
8.480619231524178403e+00 1.425947407644574483e+01 9.372991787934648045e-01
8.493216231558472273e+00 1.392869455091890707e+01 5.062252725504610140e-01
8.505813231592764367e+00 1.534302705058925120e+01 5.195459216931030966e-01
8.518410231627058238e+00 1.607286400237126855e+01 4.367118422054465654e-01
8.531007231661352108e+00 1.831432568601938726e+01 6.430392071147288391e-01
8.543604231695644202e+00 1.781107074946217850e+01 1.109017393196097601e+00
8.556201231729938073e+00 1.868138994535085473e+01 0.000000000000000000e+00
8.568798231764230167e+00 1.965740929675069992e+01 4.949765219593356136e-01
8.581395231798524037e+00 2.018884756548061432e+01 5.849941824637792109e-01
8.593992231832817907e+00 2.156238653861466048e+01 9.225438696335128697e-01
8.606589231867110001e+00 4.576853821626045971e+01 0.000000000000000000e+00
8.619186231901403872e+00 4.568570210461034264e+01 0.000000000000000000e+00
8.631783231935695966e+00 4.420385564661890498e+01 0.000000000000000000e+00
8.644380231969989836e+00 4.403035978046717247e+01 1.267846201401156492e+01
8.656977232004283707e+00 4.553587267348529366e+01 0.000000000000000000e+00
8.669574232038575801e+00 4.445829588054211001e+01 0.000000000000000000e+00
8.682171232072869671e+00 4.347403003930160992e+01 8.231678991419073554e+00
8.694768232107161765e+00 4.309672825797341034e+01 1.109407831398451094e+01
8.707365232141455635e+00 4.506288048134376822e+01 0.000000000000000000e+00
8.719962232175749506e+00 4.460851707495227458e+01 9.351630963874484337e+00
8.732559232210041600e+00 4.453005224179104005e+01 7.618366249656894240e+00
8.745156232244335470e+00 4.455420209468358905e+01 8.858924475155891542e+00
8.757753232278627564e+00 4.448645541214374077e+01 8.322170753814376098e+00
