7.510650228883605450e+00 3.115490018360929270e+01 7.160628588800435068e-01
7.523247228917898433e+00 3.206785803268267898e+01 7.610399575599817723e-01
7.535844228952191415e+00 3.206479114213647819e+01 1.394334856339947137e+00
7.548441228986485285e+00 3.206853026730518508e+01 6.430912347820800790e-01
7.561038229020778267e+00 3.210275729667612410e+01 1.760550735538211953e+00
7.573635229055071250e+00 3.173554338825718091e+01 2.021314463006810058e+00
7.586232229089364232e+00 3.108860976795774178e+01 1.673854366462215637e+00
7.598829229123657214e+00 3.081429806769499180e+01 3.736993247147747610e+00
7.611426229157951084e+00 2.989919605907386568e+01 5.932936426769366278e-01
7.624023229192244067e+00 2.941769912679451338e+01 1.109396033305866780e+00
7.636620229226537049e+00 2.891023114015230888e+01 4.562640227740647703e+00
7.649217229260830031e+00 2.795880587273396145e+01 1.719409150279723519e+00
7.661814229295123013e+00 2.796955154670314414e+01 6.093255466602389703e-01
7.674411229329416884e+00 2.731733299376329782e+01 4.228030926550303548e-01
7.687008229363709866e+00 2.672333637572242537e+01 6.930240253306951814e-01
7.699605229398002848e+00 2.663339556045425738e+01 8.063145462935583652e-01
7.712202229432295830e+00 2.521000631250244695e+01 1.418480312294573054e+00
7.724799229466588812e+00 2.497425578737284368e+01 1.008367244202533541e+00
7.737396229500882683e+00 2.400432946571024573e+01 9.778500627014281577e-01
7.749993229535175665e+00 2.377168563328547890e+01 7.312901856788460719e-01
7.762590229569468647e+00 2.291964451596874852e+01 3.495067155175490825e-01
7.775187229603761629e+00 2.232609147078861866e+01 6.146459065534468635e-01
7.787784229638054612e+00 2.205540946954667092e+01 3.681443687650816088e-01
7.800381229672348482e+00 2.125449472667573758e+01 1.170644686968607573e+00
7.812978229706641464e+00 2.043725871282977735e+01 4.710711788374576159e+00
7.825575229740934446e+00 2.028175687171295039e+01 4.726646176590261206e-01
7.838172229775227429e+00 1.942183778946162676e+01 1.318389425654743263e+00
7.850769229809520411e+00 1.911927134063442679e+01 6.182247050227562823e-01
7.863366229843814281e+00 1.789221598362187038e+01 1.183038495629716635e+00
7.875963229878107263e+00 1.759473793532172792e+01 4.206251555108924123e-01
7.888560229912400246e+00 1.717543686406275683e+01 1.075370170383830981e+00
7.901157229946693228e+00 1.655663142563507506e+01 8.892194144471243789e-01
7.913754229980986210e+00 1.620383191737985840e+01 0.000000000000000000e+00
7.926351230015280080e+00 1.547463075465308435e+01 4.426332826256915709e-01
7.938948230049573063e+00 1.487995205112908970e+01 4.338985093528773263e-01
7.951545230083866045e+00 1.429979225726191849e+01 4.095381103727531169e-01
7.964142230118159027e+00 1.402717329502271326e+01 4.213014987013119494e-01
7.976739230152452009e+00 1.528669750693054930e+01 0.000000000000000000e+00
7.989336230186745880e+00 1.253097235177713031e+01 4.101132562495832801e-01
8.001933230221037974e+00 1.230813946307948292e+01 4.157154660788133782e-01
8.014530230255331844e+00 1.109275119515150010e+01 4.342157459204871728e-01
8.027127230289625714e+00 1.067079917001307265e+01 2.456097583086975789e-01
8.039724230323917809e+00 1.070407611627114441e+01 3.473706025027718525e-01
8.052321230358211679e+00 1.010715254600964208e+01 3.394181524121693272e-01
8.064918230392503773e+00 1.057535355985918635e+01 1.772685065156448303e+00
8.077515230426797643e+00 8.649267058968375110e+00 5.162332111476324314e-01
8.090112230461091514e+00 7.656811431282457114e+00 2.522671571849164351e-01
8.102709230495383608e+00 7.726473354960843309e+00 2.151728644532133750e-01
8.115306230529677478e+00 7.441846016368643291e+00 2.185522358739975246e-01
8.127903230563969572e+00 6.673387259628102974e+00 2.138135898940278778e-01
8.140500230598263443e+00 6.070894587102968920e+00 1.718673206306386980e-01
8.153097230632557313e+00 5.683094892641582518e+00 1.494826117631320450e-01
8.165694230666849407e+00 5.089291046212187197e+00 1.935578064192831071e-01
8.178291230701143277e+00 5.000276703769503506e+00 9.464523149480941200e-02
8.190888230735435371e+00 5.155795841091020293e+00 1.000888800728665373e-01
8.203485230769729242e+00 5.353808117056889415e+00 1.460087876158739917e-01
8.216082230804023112e+00 5.689682145777852362e+00 1.366331200301806881e-01
8.228679230838315206e+00 6.225680796653689342e+00 5.026245427721600656e-01
8.241276230872609077e+00 6.730334339250688025e+00 0.000000000000000000e+00
8.253873230906901171e+00 6.883833507295295639e+00 0.000000000000000000e+00
8.266470230941195041e+00 5.002259891335239850e+00 2.045860259284548732e-01
8.279067230975488911e+00 5.000039847575363794e+00 0.000000000000000000e+00
8.291664231009781005e+00 5.000038232618225109e+00 3.205117738858778154e-01
8.304261231044074876e+00 5.000067197944534136e+00 4.232022437786007174e-01
8.316858231078366970e+00 5.000170360381509305e+00 0.000000000000000000e+00
8.329455231112660840e+00 5.188021926413978413e+00 1.448472650679692997e-01
8.342052231146954711e+00 5.435406139967279060e+00 1.854386868888560080e-01
8.354649231181246805e+00 6.179470141347588985e+00 2.471475866360473006e-01
8.367246231215540675e+00 7.138888723207826636e+00 2.975587436869004954e-01
8.379843231249832769e+00 7.410247724635389055e+00 8.365904940269537349e-01
8.392440231284126639e+00 7.351097220011038047e+00 1.757801098013533903e-01
8.405037231318420510e+00 9.095001379822418741e+00 2.684559495839167198e-01
8.417634231352712604e+00 9.243813952566773295e+00 3.928134501687692293e-01
8.430231231387006474e+00 1.024504870313964666e+01 3.135726076995100087e-01
8.442828231421298568e+00 1.250413614323186628e+01 0.000000000000000000e+00
8.455425231455592439e+00 1.163805806801095066e+01 0.000000000000000000e+00
8.468022231489886309e+00 1.189284453307633349e+01 3.241037807805211557e-01
8.480619231524178403e+00 1.234012148442211831e+01 3.979608137975017002e-01
8.493216231558472273e+00 1.317124364168282824e+01 3.798330183126878978e-01
8.505813231592764367e+00 1.457217386390444958e+01 4.456615593636765738e-01
8.518410231627058238e+00 1.709184389905676582e+01 0.000000000000000000e+00
8.531007231661352108e+00 1.587344812819913997e+01 5.409151622475478760e-01
8.543604231695644202e+00 1.662073323672032643e+01 6.572391265483989997e-01
8.556201231729938073e+00 1.748039700552909537e+01 5.948868542805598736e-01
8.568798231764230167e+00 1.872929608054628403e+01 6.587224319358622182e-01
8.581395231798524037e+00 2.006906473618314735e+01 1.426965935364409077e+00
8.593992231832817907e+00 2.069648721337585684e+01 5.973197142541728510e-01
8.606589231867110001e+00 2.184393339169774251e+01 2.517232146501465095e+00
8.619186231901403872e+00 2.312213696983074129e+01 1.230679354203815024e+00
8.631783231935695966e+00 2.370069494043881519e+01 1.343548917711586910e+00
8.644380231969989836e+00 2.475550775487751309e+01 9.608870971930212335e-01
8.656977232004283707e+00 2.503028410908913060e+01 5.379637570936070645e+00
8.669574232038575801e+00 2.586619288103814895e+01 5.226080735948901435e-01
8.682171232072869671e+00 2.735091325004828278e+01 3.318133390168007679e-01
8.694768232107161765e+00 2.853471550414950642e+01 1.046618603955542071e+00
8.707365232141455635e+00 2.947720041355795573e+01 5.375057097798006112e-01
8.719962232175749506e+00 2.986887204459168643e+01 2.490622362957495284e+00
8.732559232210041600e+00 2.997686860910231132e+01 8.199931599120144909e-01
8.745156232244335470e+00 2.998109071663933634e+01 5.259992769166021986e-01
8.757753232278627564e+00 2.998038375753599638e+01 6.418383948894224034e-01
