8.670650076295714825e+00 2.666000539247445644e+01 8.169869713388687060e+00
8.685249076335457730e+00 2.686848515569312212e+01 8.142615340036069682e+00
8.699848076375200634e+00 2.686694785519735618e+01 8.144167042180361804e+00
8.714447076414945315e+00 2.686686633619622100e+01 8.145492714095393438e+00
8.729046076454688219e+00 2.688151364356495421e+01 8.144909007215872521e+00
8.743645076494431123e+00 2.713452686092945143e+01 8.166928636872999192e+00
8.758244076534174027e+00 2.674840533820911759e+01 8.213331512314443472e+00
8.772843076573916932e+00 2.585926021267514940e+01 8.436505375336601276e+00
8.787442076613661612e+00 2.545306022627510600e+01 8.396439395773953152e+00
8.802041076653404517e+00 2.536711238388380707e+01 8.793310561473568043e+00
8.816640076693147421e+00 2.473508339508843434e+01 9.028373067554095854e+00
8.831239076732890325e+00 2.375272692383329698e+01 9.065747865641155201e+00
8.845838076772633229e+00 2.353114563473792487e+01 8.477162176616330314e+00
8.860437076812377910e+00 2.296558449689511505e+01 8.848187011440527883e+00
8.875036076852120814e+00 2.250795418153569827e+01 8.933734356691662271e+00
8.889635076891863719e+00 2.215216319866783223e+01 8.745115781985791870e+00
8.904234076931606623e+00 2.165084462255392594e+01 9.020519752721734008e+00
8.918833076971349527e+00 2.126332377943542085e+01 9.060421734273450767e+00
8.933432077011094208e+00 2.092238268157181835e+01 9.122531426134095511e+00
8.948031077050837112e+00 2.017664458582444453e+01 9.314850101364902102e+00
8.962630077090580016e+00 1.985152464288149687e+01 1.026184784631938918e+01
8.977229077130322921e+00 1.954677600785886327e+01 1.034936872701564958e+01
8.991828077170065825e+00 1.861376562382127986e+01 1.052986123050023615e+01
9.006427077209810506e+00 1.817544991826489209e+01 1.060620892521553493e+01
9.021026077249553410e+00 1.779766937868083332e+01 1.097409641088746035e+01
9.035625077289296314e+00 1.750847291198617484e+01 1.123465547486212657e+01
9.050224077329039218e+00 1.705050518530946846e+01 1.142337709193802198e+01
9.064823077368782123e+00 1.657508723436725617e+01 1.143483044185003550e+01
9.079422077408526803e+00 1.663989237741197513e+01 1.210289237908795990e+01
9.094021077448269708e+00 1.584723325591273380e+01 1.074849415395174645e+01
9.108620077488012612e+00 1.477428070622163148e+01 1.104998132192677396e+01
9.123219077527755516e+00 1.453717478143316910e+01 1.131967582986000664e+01
9.137818077567498420e+00 1.398181710899338093e+01 1.166953981612978275e+01
9.152417077607243101e+00 1.392190226396745700e+01 1.162114959791905733e+01
9.167016077646986005e+00 1.303741315059558481e+01 1.161989003329228254e+01
9.181615077686728910e+00 1.233931041823294450e+01 1.203518420466745908e+01
9.196214077726471814e+00 1.187323587310622663e+01 1.183376699312670510e+01
9.210813077766214718e+00 1.164257095063636704e+01 1.206033808587333667e+01
9.225412077805959399e+00 1.095863452481638944e+01 1.200445079687103700e+01
9.240011077845702303e+00 1.058846904300071401e+01 9.240720663195574502e+00
9.254610077885445207e+00 9.864687567147733205e+00 9.692902911396666710e+00
9.269209077925188112e+00 9.293647711140032186e+00 9.648849329316394829e+00
9.283808077964931016e+00 8.741403559260650269e+00 9.885240647938958958e+00
9.298407078004675697e+00 8.607237628158392440e+00 9.998307725962089165e+00
9.313006078044418601e+00 7.293320967513610142e+00 1.030995737189800820e+01
9.327605078084161505e+00 6.731068881909083146e+00 1.015002326192750459e+01
9.342204078123904409e+00 6.535560749297412819e+00 1.043353110890104141e+01
9.356803078163647314e+00 6.348672712550492925e+00 1.028770473414552100e+01
9.371402078203391994e+00 6.098625504707694489e+00 1.056228581269827949e+01
9.386001078243134899e+00 5.894294684253997829e+00 1.057095242294003690e+01
9.400600078282877803e+00 4.632277383584399999e+00 1.099295997918845558e+01
9.415199078322620707e+00 3.987089721805529230e+00 1.107159643132787608e+01
9.429798078362363611e+00 4.198642865103385802e+00 1.124186038467109761e+01
9.444397078402108292e+00 3.967469925970144473e+00 1.117906262606867784e+01
9.458996078441851196e+00 3.909874553871260705e+00 1.123728437169300243e+01
9.473595078481594101e+00 4.182005395238078016e+00 1.110911002847486806e+01
9.488194078521337005e+00 4.411693228177619552e+00 1.115053956554425696e+01
9.502793078561079909e+00 4.486339876201566490e+00 1.101741248196900180e+01
9.517392078600824590e+00 4.851414471090571112e+00 1.089302223236654754e+01
9.531991078640567494e+00 3.554740947336571200e+00 1.083279027708735676e+01
9.546590078680310398e+00 3.799670359743287928e+00 1.083289805828612984e+01
9.561189078720053303e+00 4.060194889083234671e+00 1.034704205546246314e+01
9.575788078759796207e+00 4.235619581282287882e+00 1.036003457869969147e+01
9.590387078799540888e+00 4.320203759445941927e+00 1.023368227905092098e+01
9.604986078839283792e+00 5.205141193188688398e+00 9.565219635763032358e+00
9.619585078879026696e+00 5.762649809700485015e+00 1.007928670236605306e+01
9.634184078918769600e+00 6.253290841792057186e+00 7.445598249095013443e-01
9.648783078958512505e+00 6.604317480294554343e+00 2.947535754389831730e-01
9.663382078998257185e+00 6.892352534361339877e+00 2.803610221026490157e-01
9.677981079038000090e+00 7.401580757855160897e+00 4.605554296561157890e-01
9.692580079077742994e+00 8.442143664302150796e+00 4.438097921942724677e-01
9.707179079117485898e+00 8.982587006047914713e+00 5.693688442532203187e-01
9.721778079157228802e+00 9.773305727777405139e+00 3.096466090222761425e-01
9.736377079196973483e+00 9.968474066076195683e+00 4.360698813693551501e-01
9.750976079236716387e+00 1.099867518024389312e+01 7.057701910077722740e-01
9.765575079276459292e+00 1.169165228132354351e+01 6.292384602969468554e-01
9.780174079316202196e+00 1.178391242409706230e+01 3.503109977220481563e-01
9.794773079355945100e+00 1.309148681589456054e+01 4.632557217992105958e-01
9.809372079395689781e+00 1.352172999847513779e+01 2.322608346953343172e-01
9.823971079435432685e+00 1.390867473796575560e+01 7.210486982279471491e-01
9.838570079475175589e+00 1.461870791450196272e+01 5.000280432556739596e-01
9.853169079514918494e+00 1.558881577758287484e+01 6.145943951057457610e-01
9.867768079554661398e+00 1.625266217526066725e+01 2.724184657979550339e-01
9.882367079594406079e+00 1.689002657223239368e+01 5.480122109349742088e-01
9.896966079634148983e+00 1.701712392920243033e+01 1.298134892814384544e+00
9.911565079673891887e+00 1.812521930413739213e+01 8.560458586102009937e-01
9.926164079713634791e+00 1.900348107961096034e+01 6.950456685581158922e-01
9.940763079753377696e+00 1.977364667464971504e+01 7.174447186092830497e-01
9.955362079793122376e+00 2.032533235438071273e+01 1.452492949601026151e+00
9.969961079832865281e+00 2.052361895007765469e+01 5.533370616304803313e+00
9.984560079872608185e+00 2.128847745687574289e+01 5.264375040286482843e+00
9.999159079912351089e+00 2.178849486833881244e+01 4.344647866538148051e+00
1.001375807995209399e+01 2.235104128862222694e+01 3.409462455690579485e+00
1.002835707999183867e+01 2.388266071259150891e+01 4.189577666301931735e+00
1.004295608003158158e+01 2.624215750706960648e+01 2.718347786029452262e+00
1.005755508007132448e+01 2.871931103116931183e+01 2.664252403619812526e+00
1.007215408011106739e+01 2.863236288519575368e+01 2.440267487914602018e+00
1.008675308015081029e+01 2.864906422842001632e+01 2.438934944123141602e+00
1.010135208019055497e+01 2.862378510781977070e+01 2.445529510085437064e+00
1.011595108023029788e+01 2.861582368855195213e+01 2.440949249728084247e+00
