8.670650076295714825e+00 2.666000539247445644e+01 0.000000000000000000e+00
8.685249076335457730e+00 2.685577882922621029e+01 2.402014251326995975e+00
8.699848076375200634e+00 2.686051790900651426e+01 1.454122319211915482e+00
8.714447076414945315e+00 2.686025336961063203e+01 1.278286607395388685e+00
8.729046076454688219e+00 2.687033869820339405e+01 1.031602170849648559e+00
8.743645076494431123e+00 2.713452686092945143e+01 1.723516818566933395e+00
8.758244076534174027e+00 2.676013785748970264e+01 7.860308687301014174e-01
8.772843076573916932e+00 2.583828478323257372e+01 7.204569951316059928e-01
8.787442076613661612e+00 2.545306022627510600e+01 6.388508033654360929e-01
8.802041076653404517e+00 2.537269015154211971e+01 3.496648043020027075e+00
8.816640076693147421e+00 2.473714619536068327e+01 4.175609814386369578e-01
8.831239076732890325e+00 2.372568556124782191e+01 1.362556951281488793e+00
8.845838076772633229e+00 2.307213208751778311e+01 8.590241145330974604e-01
8.860437076812377910e+00 2.304850139163178824e+01 3.537618954920276337e-01
8.875036076852120814e+00 2.290321549073471630e+01 4.222652306859586702e-01
8.889635076891863719e+00 2.243322827960305688e+01 5.440486205262669017e-01
8.904234076931606623e+00 2.197048653531145135e+01 9.612626888789588264e-01
8.918833076971349527e+00 2.184226321559080830e+01 2.618401993662093474e+00
8.933432077011094208e+00 2.125936113318780585e+01 6.144146563889254509e-01
8.948031077050837112e+00 1.985837141014338769e+01 3.811618108546850792e+00
8.962630077090580016e+00 1.985152464288149687e+01 5.195994387634357281e-01
8.977229077130322921e+00 1.928483621392527780e+01 1.306648892350832369e+00
8.991828077170065825e+00 1.839044141568499668e+01 1.826574807912153986e+00
9.006427077209810506e+00 1.809637448129389981e+01 3.469665170573676960e-01
9.021026077249553410e+00 1.749927518306004615e+01 4.342894813979647495e-01
9.035625077289296314e+00 1.702979586790760891e+01 5.080810441245340314e-01
9.050224077329039218e+00 1.705962185116030838e+01 0.000000000000000000e+00
9.064823077368782123e+00 1.644793152675169168e+01 4.943834208495960780e-01
9.079422077408526803e+00 1.569943307890734374e+01 3.389861829435041329e-01
9.094021077448269708e+00 1.592447108737115258e+01 1.059727861583271036e+00
9.108620077488012612e+00 1.467512177727588352e+01 3.110560930590589024e-01
9.123219077527755516e+00 1.453717478143316910e+01 6.808289647520808785e-01
9.137818077567498420e+00 1.392479816329863240e+01 3.622757103105840315e-01
9.152417077607243101e+00 1.320500715409084158e+01 8.258632869144699740e-01
9.167016077646986005e+00 1.256850426825557854e+01 4.374285907202333235e-01
9.181615077686728910e+00 1.233947730820826116e+01 5.019927984625649486e-01
9.196214077726471814e+00 1.294473605885893086e+01 0.000000000000000000e+00
9.210813077766214718e+00 1.103040226153161640e+01 3.147954735874325394e-01
9.225412077805959399e+00 1.095164641304259412e+01 5.073449293009746341e-01
9.240011077845702303e+00 9.772206644491211236e+00 3.396499957528975600e-01
9.254610077885445207e+00 9.242536747731888269e+00 2.525199518531460185e-01
9.269209077925188112e+00 9.297874316557299679e+00 2.494640462867447894e-01
9.283808077964931016e+00 8.762192899641796373e+00 2.615949666042620692e-01
9.298407078004675697e+00 9.017930788352204630e+00 0.000000000000000000e+00
9.313006078044418601e+00 7.023136837535621346e+00 3.236080062377770794e-01
9.327605078084161505e+00 6.547446444825196110e+00 2.707024090868470623e-01
9.342204078123904409e+00 6.535560749297412819e+00 2.529744888724474450e-01
9.356803078163647314e+00 6.349130391784520988e+00 1.412892008406205768e-01
9.371402078203391994e+00 5.842531831967838762e+00 1.452580106868697207e-01
9.386001078243134899e+00 4.877074360780596862e+00 1.389239727016491344e-01
9.400600078282877803e+00 4.197746134800205198e+00 2.232743030125261541e-01
9.415199078322620707e+00 3.987089721805529230e+00 7.996516540866371869e-02
9.429798078362363611e+00 3.925947397633283487e+00 7.539477066364286273e-02
9.444397078402108292e+00 3.823684988818507158e+00 7.803300679941793661e-02
9.458996078441851196e+00 3.909874553871260705e+00 0.000000000000000000e+00
9.473595078481594101e+00 4.182005395238078016e+00 7.573020656586759713e-02
9.488194078521337005e+00 4.441166535681439598e+00 0.000000000000000000e+00
9.502793078561079909e+00 4.613288333603091651e+00 0.000000000000000000e+00
9.517392078600824590e+00 4.851414471090571112e+00 0.000000000000000000e+00
9.531991078640567494e+00 3.554740947336571200e+00 0.000000000000000000e+00
9.546590078680310398e+00 3.788552978677213190e+00 9.689608189366305524e-02
9.561189078720053303e+00 3.986160823918313056e+00 7.648689152860210783e-02
9.575788078759796207e+00 4.042762115220583929e+00 0.000000000000000000e+00
9.590387078799540888e+00 4.106702935312729785e+00 1.258905703095360984e-01
9.604986078839283792e+00 5.187614322771521458e+00 9.664548564249075824e-02
9.619585078879026696e+00 5.679078287483948273e+00 1.051672532345682143e-01
9.634184078918769600e+00 6.254077546829266865e+00 1.194177509070311061e-01
9.648783078958512505e+00 6.812082291976762960e+00 1.405831926452170144e-01
9.663382078998257185e+00 6.923732371329312407e+00 2.304554514062022719e-01
9.677981079038000090e+00 8.148497863041804123e+00 2.263278141806597255e-01
9.692580079077742994e+00 8.578985856452638004e+00 1.963277892729964336e-01
9.707179079117485898e+00 9.651156100191014886e+00 4.484429636265732100e-01
9.721778079157228802e+00 9.809123014868459833e+00 0.000000000000000000e+00
9.736377079196973483e+00 9.969727887302932245e+00 5.045354724703585703e-01
9.750976079236716387e+00 1.111862113320827206e+01 2.212836773987074679e-01
9.765575079276459292e+00 1.196082443055606426e+01 4.325864628581905791e-01
9.780174079316202196e+00 1.238966219713839045e+01 4.687900355347105474e-01
9.794773079355945100e+00 1.322120884356964332e+01 2.533668889995297491e-01
9.809372079395689781e+00 1.387054879186270284e+01 0.000000000000000000e+00
9.823971079435432685e+00 1.465929818598309353e+01 6.733439095852871148e-01
9.838570079475175589e+00 1.504786530344744477e+01 4.688894572899773294e-01
9.853169079514918494e+00 1.614572993737387918e+01 1.003623216807257634e+00
9.867768079554661398e+00 1.625266217526066725e+01 6.585548984049101051e-01
9.882367079594406079e+00 1.754200234962754834e+01 6.300676274881418237e-01
9.896966079634148983e+00 1.951982160557748713e+01 6.171901068915914834e-01
9.911565079673891887e+00 1.924740616190488751e+01 0.000000000000000000e+00
9.926164079713634791e+00 1.900348107961096034e+01 6.098441168310007043e-01
9.940763079753377696e+00 1.997476135384462026e+01 0.000000000000000000e+00
9.955362079793122376e+00 2.118767189525320660e+01 3.887448448222450281e-01
9.969961079832865281e+00 3.385431742028865187e+01 0.000000000000000000e+00
9.984560079872608185e+00 3.396023499452216043e+01 8.429092646780498299e+00
9.999159079912351089e+00 3.245754486371777148e+01 2.104179816642052003e+00
1.001375807995209399e+01 2.925935884285396682e+01 2.924320127778422318e+00
1.002835707999183867e+01 2.959364696009307849e+01 1.239837114814354990e+00
1.004295608003158158e+01 2.953866486398942470e+01 1.440462557131422017e+00
1.005755508007132448e+01 2.941317093815219152e+01 1.023886043530781720e+00
1.007215408011106739e+01 2.863718844971798561e+01 6.645570369424920187e-01
1.008675308015081029e+01 2.864906422842001632e+01 7.427014942228886696e-01
1.010135208019055497e+01 2.865056756284103301e+01 1.167380531727980397e+00
1.011595108023029788e+01 2.861582368855195213e+01 2.114638776897209027e+00
