8.670650076295714825e+00 4.155480504300055600e+01 6.794254191016495525e-01
8.685249076335457730e+00 4.160536686464159573e+01 4.912708926618439165e+00
8.699848076375200634e+00 4.160746340279111166e+01 4.492884723541735070e+00
8.714447076414945315e+00 4.161286523996849951e+01 4.678747335101782312e+00
8.729046076454688219e+00 4.161317973057709452e+01 2.841489482014949886e+00
8.743645076494431123e+00 4.178408569722542865e+01 1.773941731531071042e+00
8.758244076534174027e+00 4.198398932945541873e+01 4.945621501253686603e+00
8.772843076573916932e+00 4.154553943677042582e+01 1.369884178853318701e+00
8.787442076613661612e+00 4.012075742147598589e+01 6.275249354042003347e+00
8.802041076653404517e+00 4.178716872546829819e+01 2.296380670519013734e+00
8.816640076693147421e+00 4.146061678983733145e+01 5.244078625830169926e+00
8.831239076732890325e+00 3.972478151606178898e+01 2.845625224393931063e+00
8.845838076772633229e+00 2.529019107952151657e+01 0.000000000000000000e+00
8.860437076812377910e+00 1.993314376656492826e+01 0.000000000000000000e+00
8.875036076852120814e+00 1.978856443285096134e+01 1.205167189091623570e+00
8.889635076891863719e+00 2.075588279642979828e+01 1.082984210933854996e+00
8.904234076931606623e+00 1.913395477634692554e+01 6.314874171892981281e-01
8.918833076971349527e+00 1.910568353875224545e+01 1.844895884863966273e+00
8.933432077011094208e+00 2.058648915759101783e+01 0.000000000000000000e+00
8.948031077050837112e+00 2.166591778600587759e+01 5.604590015740775755e-01
8.962630077090580016e+00 3.950713581635373117e+01 0.000000000000000000e+00
8.977229077130322921e+00 3.892903291622940998e+01 0.000000000000000000e+00
8.991828077170065825e+00 3.777694479091054802e+01 8.065323352975937610e+00
9.006427077209810506e+00 3.754475616663551563e+01 6.817569293071258585e+00
9.021026077249553410e+00 3.853340854876643817e+01 7.479275370234955034e+00
9.035625077289296314e+00 3.892547696813236513e+01 7.447498596081729261e+00
9.050224077329039218e+00 3.878378139894535082e+01 2.738066836592157216e+00
9.064823077368782123e+00 3.837130678977899834e+01 0.000000000000000000e+00
9.079422077408526803e+00 3.974896499478908396e+01 0.000000000000000000e+00
9.094021077448269708e+00 4.082733526399726287e+01 2.278712975803898644e+00
9.108620077488012612e+00 4.067092473269615738e+01 3.877310645842808157e+00
9.123219077527755516e+00 4.120039122802872100e+01 5.911355343126935225e+00
9.137818077567498420e+00 4.203416892589962117e+01 0.000000000000000000e+00
9.152417077607243101e+00 4.151197246396026941e+01 7.163864413952552468e+00
9.167016077646986005e+00 4.030901446331476734e+01 4.392692416699297553e+00
9.181615077686728910e+00 4.108292200624120483e+01 1.712719965373111108e+00
9.196214077726471814e+00 4.076837973514598445e+01 3.290210998514897511e+00
9.210813077766214718e+00 4.047492590783562605e+01 5.315684947060297816e+00
9.225412077805959399e+00 3.923385201312910908e+01 0.000000000000000000e+00
9.240011077845702303e+00 8.334735950500226309e+00 6.909234375691841734e+00
9.254610077885445207e+00 8.174888712823451087e+00 3.153216775085123658e-01
9.269209077925188112e+00 8.045458867358760813e+00 3.570282358535021849e-01
9.283808077964931016e+00 7.992686811582279560e+00 2.587753322123917954e-01
9.298407078004675697e+00 7.741131053915472293e+00 1.107854479864520236e+00
9.313006078044418601e+00 5.351711874705522121e+00 0.000000000000000000e+00
9.327605078084161505e+00 6.490652312091444998e+00 4.056825630694893547e-01
9.342204078123904409e+00 5.582196486062699137e+00 2.908459932184341845e-01
9.356803078163647314e+00 5.439505951448250443e+00 1.718580758697210165e-01
9.371402078203391994e+00 5.243578786132880865e+00 4.505090905328930084e-01
9.386001078243134899e+00 4.998145726137160239e+00 8.313978523657832298e-01
9.400600078282877803e+00 4.632277383584399999e+00 6.263238177252388184e-01
9.415199078322620707e+00 3.967231230895236660e+00 2.510069834581059034e-01
9.429798078362363611e+00 4.225861466344395190e+00 8.613717927866648694e-02
9.444397078402108292e+00 4.293996238259896181e+00 9.639076812084379497e-02
9.458996078441851196e+00 4.295249231961807190e+00 1.033355717416126751e-01
9.473595078481594101e+00 4.280784342843896972e+00 6.417831239069293758e-02
9.488194078521337005e+00 4.493387494116356073e+00 7.108256344175023500e-02
9.502793078561079909e+00 4.693127550483094268e+00 1.140247757836475806e+00
9.517392078600824590e+00 4.970039611210697039e+00 0.000000000000000000e+00
9.531991078640567494e+00 3.942060871869732530e+00 0.000000000000000000e+00
9.546590078680310398e+00 4.361129861105411898e+00 0.000000000000000000e+00
9.561189078720053303e+00 4.604391694977819860e+00 0.000000000000000000e+00
9.575788078759796207e+00 4.653842537054743822e+00 0.000000000000000000e+00
9.590387078799540888e+00 5.174419321484680978e+00 1.161284428123412482e-01
9.604986078839283792e+00 5.719180865453092899e+00 1.494068362229792335e-01
9.619585078879026696e+00 6.245701649778440334e+00 1.057794937085030362e-01
9.634184078918769600e+00 6.761730363068198635e+00 1.414163800297050244e-01
9.648783078958512505e+00 6.630436606678172140e+00 1.830896445521990046e-01
9.663382078998257185e+00 6.744413365081962652e+00 1.735953285210518615e-01
9.677981079038000090e+00 7.850771585080672743e+00 4.694195905882536657e-01
9.692580079077742994e+00 8.499266670178128535e+00 4.554821975372194132e-01
9.707179079117485898e+00 9.794068850649010116e+00 7.196259161062865672e-01
9.721778079157228802e+00 9.404057344538635732e+00 0.000000000000000000e+00
9.736377079196973483e+00 9.831245490703514278e+00 2.549408493214766480e-01
9.750976079236716387e+00 1.099867518024389312e+01 2.170127563143262606e-01
9.765575079276459292e+00 1.169165228132354351e+01 3.679146718864831911e-01
9.780174079316202196e+00 1.228742592854968763e+01 4.553100193520256411e-01
9.794773079355945100e+00 1.313542675682327676e+01 9.017086953263122595e-01
9.809372079395689781e+00 1.351782095870173173e+01 0.000000000000000000e+00
9.823971079435432685e+00 1.429539405737804891e+01 2.848199080374138603e-01
9.838570079475175589e+00 1.457175365503385756e+01 8.342924410621659348e-01
9.853169079514918494e+00 1.566658976666324143e+01 5.079187262088158406e-01
9.867768079554661398e+00 1.579005336399916359e+01 3.930185097373639636e-01
9.882367079594406079e+00 1.707771617714006851e+01 1.190507337706097957e+00
9.896966079634148983e+00 1.824504522384266991e+01 3.958525650387905159e-01
9.911565079673891887e+00 1.796678968663438880e+01 4.699768560610948498e-01
9.926164079713634791e+00 1.831840846132802270e+01 4.480673191998150173e-01
9.940763079753377696e+00 1.919459864880870370e+01 4.004062180343836985e-01
9.955362079793122376e+00 2.045982675442196097e+01 4.603852120330156339e-01
9.969961079832865281e+00 2.124639954104548423e+01 0.000000000000000000e+00
9.984560079872608185e+00 2.196306922140308515e+01 0.000000000000000000e+00
9.999159079912351089e+00 2.433481949936409450e+01 1.399074818410106502e+00
1.001375807995209399e+01 2.987245763104331076e+01 1.154533434178862450e+00
1.002835707999183867e+01 3.194989467614793455e+01 7.300770522733786905e+00
1.004295608003158158e+01 3.338533013878311095e+01 0.000000000000000000e+00
1.005755508007132448e+01 3.419073194249892822e+01 0.000000000000000000e+00
1.007215408011106739e+01 3.392127316159428574e+01 0.000000000000000000e+00
1.008675308015081029e+01 3.392213645682090117e+01 4.737815330420577453e+00
1.010135208019055497e+01 3.394538306672123440e+01 0.000000000000000000e+00
1.011595108023029788e+01 3.392282808989424581e+01 0.000000000000000000e+00
