8.670650076295714825e+00 4.436869442364129412e+01 0.000000000000000000e+00
8.685249076335457730e+00 4.454390981270917393e+01 3.109529499707043954e+00
8.699848076375200634e+00 4.452091610968552970e+01 3.230622833226686197e+00
8.714447076414945315e+00 4.452213532737219026e+01 4.301279923404180749e+00
8.729046076454688219e+00 4.452274213826335370e+01 3.324128604448898017e+00
8.743645076494431123e+00 4.423676920462660433e+01 4.011258590519940270e+00
8.758244076534174027e+00 4.402534101488981122e+01 3.287401067786088760e+00
8.772843076573916932e+00 4.400479246338106520e+01 4.961080102949914306e+00
8.787442076613661612e+00 4.445598937207744683e+01 2.315627413122488321e+00
8.802041076653404517e+00 4.515162775584874311e+01 3.606887549394805603e+00
8.816640076693147421e+00 4.530236680853552400e+01 1.220964318900879420e+00
8.831239076732890325e+00 4.515651145469743710e+01 3.425818066896226810e+00
8.845838076772633229e+00 4.472028605997165585e+01 2.502569142112523792e+00
8.860437076812377910e+00 4.400575327777747958e+01 1.246044750940939139e+00
8.875036076852120814e+00 4.405441540351768737e+01 4.892937914219956497e+00
8.889635076891863719e+00 4.292686238378792751e+01 1.112673223682453028e+00
8.904234076931606623e+00 4.291287396347476601e+01 1.111967606428986954e+00
8.918833076971349527e+00 4.256768881105130475e+01 4.988767568842558120e+00
8.933432077011094208e+00 4.251641510034399118e+01 7.838021184877099756e+00
8.948031077050837112e+00 4.190524530753403809e+01 1.343670414682271996e+00
8.962630077090580016e+00 4.188700375788309316e+01 3.306937267959327187e+00
8.977229077130322921e+00 4.165942317860923083e+01 4.819324011963779242e+00
8.991828077170065825e+00 4.149722769598712091e+01 8.015642706483205870e+00
9.006427077209810506e+00 4.162441093822573634e+01 6.979393277564120979e+00
9.021026077249553410e+00 4.150171310850833351e+01 3.977887444166288589e+00
9.035625077289296314e+00 4.107684685258201540e+01 7.013230065308011518e+00
9.050224077329039218e+00 4.284778895376985730e+01 0.000000000000000000e+00
9.064823077368782123e+00 4.179258488990191012e+01 2.423688177442020475e+00
9.079422077408526803e+00 4.346336714363724241e+01 2.966911678586864554e+00
9.094021077448269708e+00 1.380240735735926627e+01 0.000000000000000000e+00
9.108620077488012612e+00 1.430282436006524804e+01 4.257950334350120158e-01
9.123219077527755516e+00 1.271466896368942834e+01 4.145866344377449053e-01
9.137818077567498420e+00 1.245155465322945432e+01 4.574750384254580027e-01
9.152417077607243101e+00 1.394755880414874483e+01 0.000000000000000000e+00
9.167016077646986005e+00 1.250370333090810249e+01 0.000000000000000000e+00
9.181615077686728910e+00 1.161566458156962867e+01 4.079607552190775976e-01
9.196214077726471814e+00 1.122348269831023515e+01 5.681075025390827093e-01
9.210813077766214718e+00 1.074953957244740899e+01 2.912054073772418761e-01
9.225412077805959399e+00 1.043983174201611419e+01 6.709940713724851236e-01
9.240011077845702303e+00 1.103715350203782641e+01 0.000000000000000000e+00
9.254610077885445207e+00 9.108155491446218832e+00 3.261103872299839779e-01
9.269209077925188112e+00 9.042004967600634657e+00 1.998740071964224541e-01
9.283808077964931016e+00 8.295145631094177574e+00 3.141155993993862694e-01
9.298407078004675697e+00 6.301902137832406936e+00 3.113721750873863492e-01
9.313006078044418601e+00 7.293320967513610142e+00 1.567812555438794497e-01
9.327605078084161505e+00 6.503268604885215076e+00 2.557669353913514243e-01
9.342204078123904409e+00 6.393420648856638522e+00 4.151233047323743541e-01
9.356803078163647314e+00 6.032888265343887113e+00 2.663976833405827804e-01
9.371402078203391994e+00 5.977377686007679713e+00 0.000000000000000000e+00
9.386001078243134899e+00 6.066886602775248605e+00 0.000000000000000000e+00
9.400600078282877803e+00 4.044736533580475246e+00 0.000000000000000000e+00
9.415199078322620707e+00 3.521122264678537839e+00 0.000000000000000000e+00
9.429798078362363611e+00 3.472619248002592585e+00 2.051872617670498222e-01
9.444397078402108292e+00 3.507195662794906355e+00 7.582102109385679967e-02
9.458996078441851196e+00 3.455906175402555736e+00 8.884524118624104183e-02
9.473595078481594101e+00 3.356313412517072603e+00 4.715031566936023211e-02
9.488194078521337005e+00 3.333965770190558509e+00 4.006652533936128080e-02
9.502793078561079909e+00 3.333467228852871944e+00 3.717573091847858890e-02
9.517392078600824590e+00 3.333352114240931030e+00 4.384630812650835985e-02
9.531991078640567494e+00 3.333551965979353326e+00 3.187420995861445228e-02
9.546590078680310398e+00 3.799670359743287928e+00 8.269306308786794624e-02
9.561189078720053303e+00 4.060194889083234671e+00 7.898033163840390003e-02
9.575788078759796207e+00 4.235619581282287882e+00 1.608649846784495629e-01
9.590387078799540888e+00 4.320203759445941927e+00 1.049040429476018055e-01
9.604986078839283792e+00 5.205141193188688398e+00 7.919551962721005367e-02
9.619585078879026696e+00 5.770279395829418512e+00 1.243935876821429254e-01
9.634184078918769600e+00 6.316829235742323689e+00 1.874655773514728452e-01
9.648783078958512505e+00 7.261584842561287445e+00 5.936545893633500270e-01
9.663382078998257185e+00 6.892352534361339877e+00 3.632661346688661475e-01
9.677981079038000090e+00 7.401580757855160897e+00 2.794276209666755051e-01
9.692580079077742994e+00 8.230792853238789064e+00 2.407061565234416278e-01
9.707179079117485898e+00 9.011639505924557980e+00 5.002544625450999760e-01
9.721778079157228802e+00 9.602938813081227210e+00 2.994324592587842560e-01
9.736377079196973483e+00 1.001813920648007894e+01 2.430464683600765952e-01
9.750976079236716387e+00 1.062889587201449793e+01 1.382963220203484944e+00
9.765575079276459292e+00 1.209154009515073547e+01 6.376974148705301104e-01
9.780174079316202196e+00 1.165752621557169810e+01 3.835843818705306774e-01
9.794773079355945100e+00 1.292724829639273842e+01 2.792033096940365056e-01
9.809372079395689781e+00 1.329454376368347113e+01 2.943407789184249168e-01
9.823971079435432685e+00 1.390867473796575560e+01 4.547382709507470366e-01
9.838570079475175589e+00 1.461870791450196272e+01 8.193089030723861299e-01
9.853169079514918494e+00 1.546810712479158845e+01 4.615432659887321876e-01
9.867768079554661398e+00 1.606862807075450661e+01 3.408406859247676834e-01
9.882367079594406079e+00 1.656705857910981194e+01 1.395102930685125031e+00
9.896966079634148983e+00 1.701712392920243033e+01 0.000000000000000000e+00
9.911565079673891887e+00 1.831882951968641038e+01 5.133959770754170648e-01
9.926164079713634791e+00 1.975696017160037954e+01 1.843250912212067050e+00
9.940763079753377696e+00 1.977364667464971504e+01 7.038535039043445352e-01
9.955362079793122376e+00 2.032533235438071273e+01 2.137599798013326335e+00
9.969961079832865281e+00 2.037391615576876447e+01 8.605161861856540639e-01
9.984560079872608185e+00 2.128847745687574289e+01 1.058633898073754409e+00
9.999159079912351089e+00 2.178849486833881244e+01 4.397966751501307670e-01
1.001375807995209399e+01 2.235104128862222694e+01 1.483071996867868947e+00
1.002835707999183867e+01 2.345687930929796394e+01 8.287577816871163350e-01
1.004295608003158158e+01 2.624215750706960648e+01 8.714517347711137063e-01
1.005755508007132448e+01 2.871931103116931183e+01 1.043895944295254452e+00
1.007215408011106739e+01 2.820594540338075262e+01 1.403034436333324919e+00
1.008675308015081029e+01 2.818699521310012557e+01 3.188060413211568189e+00
1.010135208019055497e+01 2.818807828906198409e+01 6.509457222364662954e-01
1.011595108023029788e+01 2.819983645714777865e+01 3.063404070040684601e+00
