8.670650076295714825e+00 4.515717674855740427e+01 7.927690845861867786e-01
8.685249076335457730e+00 4.563676406991128687e+01 4.629540100579369266e+00
8.699848076375200634e+00 4.564966147187006840e+01 2.576430129512988998e+00
8.714447076414945315e+00 4.565171650185115482e+01 6.549438490216921593e+00
8.729046076454688219e+00 4.564788965897760420e+01 8.552531238392131030e+00
8.743645076494431123e+00 4.515637981239522958e+01 7.234398984515138409e+00
8.758244076534174027e+00 4.471610854439580862e+01 2.225772722944615367e+00
8.772843076573916932e+00 4.472599536112961260e+01 2.374427651359813041e+00
8.787442076613661612e+00 4.420272991702186971e+01 6.785464744373335577e+00
8.802041076653404517e+00 4.379049718522031043e+01 6.684515022361289027e+00
8.816640076693147421e+00 4.362231881294113833e+01 6.773372518727143188e+00
8.831239076732890325e+00 4.350364724002844241e+01 6.647053876080651236e+00
8.845838076772633229e+00 4.311815433940772380e+01 5.311635293583041317e+00
8.860437076812377910e+00 4.329401458610158926e+01 1.804353433856803690e+00
8.875036076852120814e+00 4.301249131482107657e+01 6.897692070616727733e+00
8.889635076891863719e+00 4.285943479669442269e+01 7.942688547252565456e+00
8.904234076931606623e+00 4.284871066993299138e+01 4.809159968248359007e+00
8.918833076971349527e+00 4.279875659623107964e+01 3.599082495988394470e+00
8.933432077011094208e+00 4.274331304064788384e+01 3.718961090122810731e+00
8.948031077050837112e+00 4.345339764222122625e+01 8.451766088269575761e+00
8.962630077090580016e+00 4.294022242604669515e+01 4.746810090905675850e+00
8.977229077130322921e+00 4.254909696960775989e+01 5.345580336294233348e+00
8.991828077170065825e+00 4.294545776077151089e+01 8.075486431234406126e+00
9.006427077209810506e+00 4.226840744386446147e+01 5.967756846458257769e+00
9.021026077249553410e+00 4.226805022894448172e+01 7.450337985686203979e+00
9.035625077289296314e+00 4.267165742295710373e+01 3.749725209839020579e+00
9.050224077329039218e+00 4.166048570750349000e+01 8.745695014802219447e+00
9.064823077368782123e+00 4.200588712407188297e+01 3.970985000054159997e+00
9.079422077408526803e+00 4.165077501634030455e+01 3.494732192793328807e+00
9.094021077448269708e+00 4.128308957487723774e+01 6.418971745981764343e+00
9.108620077488012612e+00 4.181454947215804907e+01 3.754814917631637883e+00
9.123219077527755516e+00 4.166522708246129980e+01 5.380663928360519321e+00
9.137818077567498420e+00 4.154678609390296629e+01 5.845858712136823954e+00
9.152417077607243101e+00 4.157764980812063982e+01 5.431019900423621038e+00
9.167016077646986005e+00 4.129586327315841032e+01 8.555118649262560382e+00
9.181615077686728910e+00 4.105129535072844504e+01 3.253592230513234540e+00
9.196214077726471814e+00 4.026206645615258140e+01 7.574257244648137544e+00
9.210813077766214718e+00 4.004357429066227780e+01 6.566362526900963559e+00
9.225412077805959399e+00 4.028594381757024223e+01 4.150342905876957644e+00
9.240011077845702303e+00 3.959023874713557944e+01 7.211584916066321682e+00
9.254610077885445207e+00 4.031613650906673030e+01 1.996402454926400338e+00
9.269209077925188112e+00 3.971728763512528815e+01 6.686446555060260977e+00
9.283808077964931016e+00 4.000637467454953367e+01 2.017787988602094629e+00
9.298407078004675697e+00 3.979461412426297073e+01 7.072351641661377641e+00
9.313006078044418601e+00 3.987334398223038789e+01 6.830404747956166034e+00
9.327605078084161505e+00 3.923313642110696264e+01 6.718380900395398925e+00
9.342204078123904409e+00 3.964112999214286504e+01 6.785237377356530430e+00
9.356803078163647314e+00 3.890670525077009501e+01 6.450691993284362269e+00
9.371402078203391994e+00 3.961467834270158050e+01 1.518872944077543252e+00
9.386001078243134899e+00 3.910505143262530225e+01 8.816634908438873097e+00
9.400600078282877803e+00 3.972878080987010918e+01 2.744604277735021469e+00
9.415199078322620707e+00 3.950931571313628154e+01 6.090953502012389720e+00
9.429798078362363611e+00 3.984807710055557095e+01 7.670947603047128638e+00
9.444397078402108292e+00 3.954203622736666546e+01 4.848137847086814389e+00
9.458996078441851196e+00 3.970940379531710107e+01 5.753429111280574659e+00
9.473595078481594101e+00 3.932310183757215327e+01 6.357182351071934079e+00
9.488194078521337005e+00 3.946898439270172076e+01 1.698456112936518991e+00
9.502793078561079909e+00 3.912144886152065482e+01 5.863857270135795829e+00
9.517392078600824590e+00 3.888711533769683371e+01 6.074486047228617736e+00
9.531991078640567494e+00 3.832325779152100864e+01 7.186790675407458195e+00
9.546590078680310398e+00 3.841116054883968900e+01 6.084175081758893100e+00
9.561189078720053303e+00 3.705036520960513968e+01 6.797953920358169810e+00
9.575788078759796207e+00 3.719873192973246745e+01 2.686951062921671962e+00
9.590387078799540888e+00 3.693245957764674614e+01 6.300425918363334432e+00
9.604986078839283792e+00 3.538602275034497779e+01 7.018063608218845673e+00
9.619585078879026696e+00 3.772195657973319527e+01 0.000000000000000000e+00
9.634184078918769600e+00 8.335108887962771718e+00 1.086534507897718882e+01
9.648783078958512505e+00 6.487683565069372271e+00 3.369476975240059957e-01
9.663382078998257185e+00 6.838588473610360374e+00 1.296194310388090187e-01
9.677981079038000090e+00 7.640862265201314507e+00 1.215150167526037883e-01
9.692580079077742994e+00 8.442143664302150796e+00 6.410884092845581250e-01
9.707179079117485898e+00 8.775134054895941560e+00 2.486646351297538970e-01
9.721778079157228802e+00 9.424115925117865444e+00 2.336249115379773755e-01
9.736377079196973483e+00 1.039407708431748389e+01 4.186942172745240498e-01
9.750976079236716387e+00 1.227578731298198278e+01 0.000000000000000000e+00
9.765575079276459292e+00 1.153320593372694347e+01 6.060547250326697721e-01
9.780174079316202196e+00 1.178391242409706230e+01 3.017785136359263376e-01
9.794773079355945100e+00 1.309148681589456054e+01 3.071314791000130384e-01
9.809372079395689781e+00 1.343653209520431702e+01 3.929771388646754460e-01
9.823971079435432685e+00 1.386984808404052139e+01 2.635252067739921600e-01
9.838570079475175589e+00 1.490382804106143055e+01 0.000000000000000000e+00
9.853169079514918494e+00 1.558881577758287484e+01 3.096971103199024355e-01
9.867768079554661398e+00 1.666638672797553156e+01 3.792557620879630775e-01
9.882367079594406079e+00 1.689002657223239368e+01 6.684106133066549660e-01
9.896966079634148983e+00 1.676648360916738056e+01 3.289787178495924280e-01
9.911565079673891887e+00 1.812521930413739213e+01 4.825083121659368146e-01
9.926164079713634791e+00 1.945645050357121519e+01 1.111913444490845393e+00
9.940763079753377696e+00 2.023662601644680592e+01 2.999734026046114721e+00
9.955362079793122376e+00 1.937172326540463274e+01 4.611105849238885668e-01
9.969961079832865281e+00 2.052361895007765469e+01 1.067412884133103645e+00
9.984560079872608185e+00 2.109652158974959235e+01 4.293164094012364984e-01
9.999159079912351089e+00 2.167789606567446725e+01 7.922488314092888118e-01
1.001375807995209399e+01 2.206338193663668434e+01 1.042817748581072124e+00
1.002835707999183867e+01 3.398850620525399790e+01 1.761699413337929343e+00
1.004295608003158158e+01 2.624767345543397212e+01 2.268477171815442617e+00
1.005755508007132448e+01 2.938755297250071052e+01 2.080252257169897590e+00
1.007215408011106739e+01 2.944681455854004071e+01 6.211118610248927752e+00
1.008675308015081029e+01 2.944364198370991659e+01 3.549100165522750316e+00
1.010135208019055497e+01 2.945321633822370089e+01 1.392098296782592115e+00
1.011595108023029788e+01 2.945852392602412451e+01 1.747253990724864536e+00
