8.670650076295714825e+00 2.634561527408085269e+01 2.914197855260844960e-01
8.685249076335457730e+00 2.632476390033644975e+01 1.215673140923756890e+00
8.699848076375200634e+00 2.630895322394603753e+01 3.772302401001592642e-01
8.714447076414945315e+00 2.631323453564171899e+01 6.613095838295457440e-01
8.729046076454688219e+00 2.631216655641604163e+01 1.750724533758461376e+00
8.743645076494431123e+00 2.572088814724985895e+01 1.040995915109114378e+00
8.758244076534174027e+00 2.660793141149773788e+01 5.771516212989915573e-01
8.772843076573916932e+00 2.545084072427219368e+01 6.363767112847078522e-01
8.787442076613661612e+00 2.476199125950805069e+01 4.801102383001882856e-01
8.802041076653404517e+00 2.495715755559344728e+01 7.708924896513060787e-01
8.816640076693147421e+00 2.439708380002065979e+01 9.790288792818788721e-01
8.831239076732890325e+00 2.375272692383329698e+01 9.599185088432768964e-01
8.845838076772633229e+00 2.368479775307881141e+01 5.373659379455322238e-01
8.860437076812377910e+00 2.294183377378607958e+01 9.407375595242886135e-01
8.875036076852120814e+00 2.207947294657603265e+01 4.314897946797486838e-01
8.889635076891863719e+00 2.197317273902321588e+01 1.854441449164054845e+00
8.904234076931606623e+00 2.106257468778386155e+01 1.063988468658745745e+00
8.918833076971349527e+00 2.057198259543360308e+01 3.701474173756658104e-01
8.933432077011094208e+00 2.078851274336651045e+01 0.000000000000000000e+00
8.948031077050837112e+00 2.017664458582444453e+01 6.606614668218195874e-01
8.962630077090580016e+00 1.966252076737209009e+01 4.351068146763985567e-01
8.977229077130322921e+00 1.964394750398313505e+01 0.000000000000000000e+00
8.991828077170065825e+00 1.824963343870968302e+01 4.964604265583449916e-01
9.006427077209810506e+00 1.798085384373877105e+01 6.184876439566089346e-01
9.021026077249553410e+00 1.810461359396512648e+01 4.748080961108627207e-01
9.035625077289296314e+00 1.662671900182527551e+01 7.017393703920458137e-01
9.050224077329039218e+00 1.680332706729405956e+01 7.320488227565018491e-01
9.064823077368782123e+00 1.712928494554813597e+01 3.977247912092423121e-01
9.079422077408526803e+00 1.560493610815771603e+01 3.811583346393607741e-01
9.094021077448269708e+00 1.584723325591273380e+01 9.741903522956123496e-01
9.108620077488012612e+00 1.477428070622163148e+01 0.000000000000000000e+00
9.123219077527755516e+00 1.435927045937987678e+01 2.971857998938363110e-01
9.137818077567498420e+00 1.406669056605894674e+01 4.474211701784085449e-01
9.152417077607243101e+00 1.320786073107685965e+01 3.541044347888711030e-01
9.167016077646986005e+00 1.350485512946312028e+01 1.039018130761138359e+00
9.181615077686728910e+00 1.233931041823294450e+01 4.667774761971346109e-01
9.196214077726471814e+00 1.187323587310622663e+01 3.487900809861566032e-01
9.210813077766214718e+00 1.106191933751520473e+01 3.559933938099444362e-01
9.225412077805959399e+00 1.113850223331197320e+01 5.006192229265753468e-01
9.240011077845702303e+00 1.044582193107981993e+01 3.146163632875875749e-01
9.254610077885445207e+00 1.094245883917464646e+01 0.000000000000000000e+00
9.269209077925188112e+00 9.300941860575878906e+00 4.843650656739368898e-01
9.283808077964931016e+00 9.066307921822970073e+00 2.952244585570440449e-01
9.298407078004675697e+00 8.659681702555834804e+00 2.650345959636837279e-01
9.313006078044418601e+00 7.547356094026109297e+00 2.775559259934032852e-01
9.327605078084161505e+00 6.731068881909083146e+00 1.766091860938696634e-01
9.342204078123904409e+00 6.523602772526750471e+00 2.229239325046274978e-01
9.356803078163647314e+00 6.561548437591184779e+00 2.543779458911341607e-01
9.371402078203391994e+00 6.193153527526886748e+00 2.858971802342669122e-01
9.386001078243134899e+00 6.132572230053061624e+00 2.757464149339541315e-01
9.400600078282877803e+00 6.336986555651551001e+00 0.000000000000000000e+00
9.415199078322620707e+00 5.010938792040495748e+00 0.000000000000000000e+00
9.429798078362363611e+00 4.198642865103385802e+00 0.000000000000000000e+00
9.444397078402108292e+00 3.967469925970144473e+00 2.157908811570008467e-01
9.458996078441851196e+00 3.786309382665935974e+00 1.023300699132707603e-01
9.473595078481594101e+00 3.674954750719374275e+00 9.713355016841274114e-02
9.488194078521337005e+00 3.341306185629193237e+00 5.344129358585636425e-02
9.502793078561079909e+00 3.333334655165091753e+00 5.895467372244334037e-02
9.517392078600824590e+00 3.333343065841053665e+00 3.532946373866674428e-02
9.531991078640567494e+00 3.333540687983806539e+00 3.493711326573190057e-02
9.546590078680310398e+00 3.607890251496669975e+00 1.164193616000215314e-01
9.561189078720053303e+00 3.784614571351811563e+00 7.290891755869921553e-02
9.575788078759796207e+00 3.918469052341036374e+00 8.055869308388508010e-02
9.590387078799540888e+00 4.019448759006925442e+00 7.760055087768469306e-02
9.604986078839283792e+00 4.069625113104278213e+00 1.808551473814397070e-01
9.619585078879026696e+00 5.069091738817206760e+00 1.079974672675265701e-01
9.634184078918769600e+00 5.564906858479211849e+00 2.425727907646693104e-01
9.648783078958512505e+00 6.113346247818843615e+00 2.332738749683365143e-01
9.663382078998257185e+00 7.095021661563749582e+00 0.000000000000000000e+00
9.677981079038000090e+00 6.755753609384020031e+00 4.189159135869462425e-01
9.692580079077742994e+00 7.502803430041751653e+00 2.504557859169742606e-01
9.707179079117485898e+00 8.229130121054092584e+00 7.127253369725594645e-01
9.721778079157228802e+00 8.954079750612066846e+00 5.192707916950389802e-01
9.736377079196973483e+00 9.447428679124774575e+00 2.522328517558003469e-01
9.750976079236716387e+00 9.967341126227006853e+00 2.683903832989749105e-01
9.765575079276459292e+00 1.052815284821044095e+01 5.254007472492085995e-01
9.780174079316202196e+00 1.216867970564559798e+01 6.275279341018418222e-01
9.794773079355945100e+00 1.214798125954437502e+01 3.335414338197262296e-01
9.809372079395689781e+00 1.317346678913571623e+01 4.998609495325432306e-01
9.823971079435432685e+00 1.341493293183923541e+01 3.907400666919080834e-01
9.838570079475175589e+00 1.372755484198705389e+01 4.424059913492701668e-01
9.853169079514918494e+00 1.458257222027285316e+01 7.106408353536401989e-01
9.867768079554661398e+00 1.637445998260880131e+01 0.000000000000000000e+00
9.882367079594406079e+00 1.618601450493765981e+01 4.531250213628119639e-01
9.896966079634148983e+00 1.606474031756691900e+01 5.241533047307260773e-01
9.911565079673891887e+00 1.739677465727836037e+01 1.029346864362949532e+00
9.926164079713634791e+00 1.875589180945771872e+01 3.207967777033058354e-01
9.940763079753377696e+00 1.940170848903120415e+01 1.098843626766607073e+00
9.955362079793122376e+00 1.849073189328642286e+01 4.591748674226288074e-01
9.969961079832865281e+00 1.961878051384039523e+01 5.726141824887562848e-01
9.984560079872608185e+00 2.034262262714722880e+01 4.909568953429541693e-01
9.999159079912351089e+00 2.156306407034671224e+01 1.869102457590914312e+00
1.001375807995209399e+01 2.189071876256464577e+01 0.000000000000000000e+00
1.002835707999183867e+01 2.316479393794157104e+01 8.310078652641799124e-01
1.004295608003158158e+01 2.533765453309757376e+01 5.769988119560327533e-01
1.005755508007132448e+01 2.748458528175098792e+01 1.597265668056687460e+00
1.007215408011106739e+01 2.678800674842230123e+01 8.842436841715759499e-01
1.008675308015081029e+01 2.681729560605100815e+01 1.431086600996748004e+00
1.010135208019055497e+01 2.682090342714279885e+01 9.608617388661535585e-01
1.011595108023029788e+01 2.680167317022899454e+01 1.158265851261127466e+00
