8.670650076295714825e+00 2.656047564508164172e+01 4.006555781855531961e-01
8.685249076335457730e+00 2.698523048820763037e+01 5.128185221909404845e-01
8.699848076375200634e+00 2.695767003852846955e+01 7.011218692071263803e-01
8.714447076414945315e+00 2.698604581695462556e+01 5.002837389440273341e-01
8.729046076454688219e+00 2.696696616571378158e+01 8.538723625267969908e-01
8.743645076494431123e+00 2.620122960391572065e+01 7.365509996509871371e-01
8.758244076534174027e+00 2.638557343115864029e+01 1.281504553892881759e+00
8.772843076573916932e+00 2.614403263574464020e+01 1.857997575151825842e+00
8.787442076613661612e+00 2.527621525075602449e+01 7.606247175294829077e-01
8.802041076653404517e+00 2.459134818880190920e+01 2.075490651482988724e+00
8.816640076693147421e+00 2.431171950112731039e+01 1.510910087783575051e+00
8.831239076732890325e+00 2.403759291712704282e+01 5.183100912558007423e-01
8.845838076772633229e+00 2.353114563473792487e+01 1.256157723045095764e+00
8.860437076812377910e+00 2.296558449689511505e+01 4.241929698664037574e-01
8.875036076852120814e+00 2.245959145904043908e+01 4.258036971463942777e+00
8.889635076891863719e+00 2.215216319866783223e+01 8.391160220331901343e-01
8.904234076931606623e+00 2.147003275011532253e+01 3.896804849299986273e+00
8.918833076971349527e+00 2.090123753458794909e+01 1.005191779427969223e+00
8.933432077011094208e+00 2.092238268157181835e+01 2.853279948794966714e-01
8.948031077050837112e+00 2.038735541343562119e+01 7.501490572806606139e-01
8.962630077090580016e+00 2.002862917139248466e+01 3.436752040153479015e-01
8.977229077130322921e+00 1.954677600785886327e+01 5.092786004795897270e-01
8.991828077170065825e+00 1.915613672892881070e+01 6.660123357327467630e-01
9.006427077209810506e+00 1.824356871917071388e+01 3.913988721825649719e-01
9.021026077249553410e+00 1.779766937868083332e+01 5.659328790706119605e-01
9.035625077289296314e+00 1.712465221043810715e+01 4.401033638168261319e-01
9.050224077329039218e+00 1.674233977361633308e+01 3.470909879981309842e-01
9.064823077368782123e+00 1.657508723436725617e+01 3.689699846107661330e-01
9.079422077408526803e+00 1.586996481601949860e+01 0.000000000000000000e+00
9.094021077448269708e+00 1.506386768881703730e+01 0.000000000000000000e+00
9.108620077488012612e+00 1.473302759356534786e+01 4.293281423302754973e-01
9.123219077527755516e+00 1.434426460700193040e+01 1.677422244527454254e+00
9.137818077567498420e+00 1.387577800323538213e+01 8.976841078576862643e-01
9.152417077607243101e+00 1.379025568750955344e+01 7.232437148957640005e-01
9.167016077646986005e+00 1.283249036715399605e+01 4.030713453756540332e-01
9.181615077686728910e+00 1.225687255012559973e+01 1.693883760684451900e+00
9.196214077726471814e+00 1.184973960534125581e+01 5.476476805005479065e-01
9.210813077766214718e+00 1.164257095063636704e+01 4.399380228548190885e-01
9.225412077805959399e+00 1.129200764981415261e+01 2.414477028194967900e-01
9.240011077845702303e+00 1.238380986275139684e+01 0.000000000000000000e+00
9.254610077885445207e+00 9.864687567147733205e+00 6.665377276712085575e-01
9.269209077925188112e+00 9.446269297065265746e+00 3.620515813329223676e-01
9.283808077964931016e+00 8.199659389910465279e+00 8.549307336472149466e-01
9.298407078004675697e+00 6.975119778032619955e+00 2.514281484082019347e-01
9.313006078044418601e+00 6.872493748225373622e+00 1.585934816284444437e-01
9.327605078084161505e+00 6.879348622625734322e+00 1.404376860024414420e-01
9.342204078123904409e+00 6.771455889603640088e+00 5.461498545424881002e-01
9.356803078163647314e+00 6.675017900657456593e+00 0.000000000000000000e+00
9.371402078203391994e+00 6.952331011920310999e+00 0.000000000000000000e+00
9.386001078243134899e+00 5.268653323504242536e+00 3.089430356379345710e-01
9.400600078282877803e+00 4.056007144822674881e+00 2.884799036957832463e-01
9.415199078322620707e+00 3.769417896240650379e+00 1.212060102060150690e-01
9.429798078362363611e+00 3.504851786910742284e+00 1.113714817896405140e-01
9.444397078402108292e+00 3.333869229217225172e+00 6.319634816108687936e-02
9.458996078441851196e+00 3.333336068617572145e+00 3.410723783561842026e-02
9.473595078481594101e+00 3.333367920071125923e+00 3.815525373583050772e-02
9.488194078521337005e+00 3.333338929190667432e+00 3.081107695226599219e-01
9.502793078561079909e+00 3.333457619457814047e+00 1.343644890877895293e-01
9.517392078600824590e+00 3.333368412913929824e+00 7.982426952871746195e-02
9.531991078640567494e+00 3.333453054198863619e+00 1.449571624541627912e-01
9.546590078680310398e+00 3.333462815819268066e+00 3.855944077948469939e-02
9.561189078720053303e+00 3.446270892873264380e+00 9.356783068997742703e-02
9.575788078759796207e+00 3.619795912936173199e+00 7.917591494191000834e-02
9.590387078799540888e+00 3.786124558054560385e+00 1.217627558612883742e-01
9.604986078839283792e+00 3.966811285120339203e+00 7.791790990498381753e-02
9.619585078879026696e+00 5.340942169557401975e+00 1.081589263323392558e-01
9.634184078918769600e+00 5.836415166872825466e+00 2.628805177211059885e-01
9.648783078958512505e+00 6.604317480294554343e+00 2.182626871091777332e-01
9.663382078998257185e+00 7.185041927590026134e+00 0.000000000000000000e+00
9.677981079038000090e+00 7.029911999584218307e+00 8.646805241891648564e-01
9.692580079077742994e+00 8.475080576391244236e+00 1.618018047188876096e-01
9.707179079117485898e+00 8.982587006047914713e+00 1.527871621015947756e+00
9.721778079157228802e+00 9.790882021912066691e+00 1.857936482643109954e-01
9.736377079196973483e+00 1.057260084404036604e+01 4.057682439023828636e-01
9.750976079236716387e+00 1.117752704292564481e+01 2.384195670250326415e-01
9.765575079276459292e+00 1.259850436115123351e+01 6.313614689689970305e-01
9.780174079316202196e+00 1.177352959015090939e+01 5.215953043938954536e-01
9.794773079355945100e+00 1.311195919216826944e+01 2.621707205971297583e-01
9.809372079395689781e+00 1.374720423976549633e+01 6.539179630778981789e-01
9.823971079435432685e+00 1.481188628632314419e+01 9.573956313757641112e-01
9.838570079475175589e+00 1.489062479880448109e+01 9.523266893320929682e-01
9.853169079514918494e+00 1.613204582011635679e+01 7.771032338576038256e-01
9.867768079554661398e+00 1.671523471806194650e+01 4.914068733775138753e-01
9.882367079594406079e+00 1.736969712543314870e+01 1.034188966359941730e+00
9.896966079634148983e+00 1.901334574176130943e+01 1.134542553886067395e+00
9.911565079673891887e+00 1.955518805295147544e+01 1.181239451034938881e+00
9.926164079713634791e+00 2.069786410130036103e+01 1.923059724382202518e+00
9.940763079753377696e+00 2.154690647560465422e+01 3.113104915034186959e+00
9.955362079793122376e+00 2.328570344203786036e+01 3.206362382785655996e+00
9.969961079832865281e+00 2.418572522920796075e+01 1.284247429665155593e+00
9.984560079872608185e+00 2.363630147985695729e+01 7.948118049697470155e-01
9.999159079912351089e+00 2.370308234868852537e+01 1.912546069934903059e+00
1.001375807995209399e+01 2.379459099731258931e+01 1.717229553063285508e+00
1.002835707999183867e+01 2.388266071259150891e+01 1.294350958816931296e+00
1.004295608003158158e+01 2.479697884378317596e+01 0.000000000000000000e+00
1.005755508007132448e+01 2.538102019467122972e+01 6.277585415391495616e-01
1.007215408011106739e+01 2.863236288519575368e+01 5.486321109509013638e-01
1.008675308015081029e+01 2.866189395276074237e+01 3.681000738801456507e+00
1.010135208019055497e+01 2.863949218546339992e+01 2.250468373978664616e+00
1.011595108023029788e+01 2.862789030867829609e+01 1.768943696964715429e+00
