8.670650076295714825e+00 2.627465132031076323e+01 2.330253239119706166e-01
8.685249076335457730e+00 2.684124552771690020e+01 1.102466050589107738e+00
8.699848076375200634e+00 2.684458177514324717e+01 1.482113552609050089e+00
8.714447076414945315e+00 2.681690831848780832e+01 1.434532952295338504e+00
8.729046076454688219e+00 2.682067962625772495e+01 2.223295058535907032e+00
8.743645076494431123e+00 2.643936445018572812e+01 4.490672578813523330e+00
8.758244076534174027e+00 2.545842953962764454e+01 1.553255922304675352e+00
8.772843076573916932e+00 2.521110702827096617e+01 4.251360385762410488e-01
8.787442076613661612e+00 2.538094817835868966e+01 1.799166901948790809e+00
8.802041076653404517e+00 2.487826648800094631e+01 5.027407475324476849e-01
8.816640076693147421e+00 2.414140017250277026e+01 1.863084315359220255e+00
8.831239076732890325e+00 2.367410256591900719e+01 7.491982666767693644e-01
8.845838076772633229e+00 2.329043172958653329e+01 1.044107360201705248e+00
8.860437076812377910e+00 2.273615513021039902e+01 1.385171103848557905e+00
8.875036076852120814e+00 2.247582510708903314e+01 4.893397681418392153e-01
8.889635076891863719e+00 2.173510297996491403e+01 1.180523837883100668e+00
8.904234076931606623e+00 2.165084462255392594e+01 3.912713266726763450e+00
8.918833076971349527e+00 2.126332377943542085e+01 8.460089286825844823e-01
8.933432077011094208e+00 2.007583038074405124e+01 1.391473065645469021e+00
8.948031077050837112e+00 2.016351201264211923e+01 3.458308382381360957e-01
8.962630077090580016e+00 1.955669460277719196e+01 0.000000000000000000e+00
8.977229077130322921e+00 1.867836934070238897e+01 6.204536370703515047e-01
8.991828077170065825e+00 1.861376562382127986e+01 3.140543424875392731e-01
9.006427077209810506e+00 1.817138184129429490e+01 6.617579566881950370e-01
9.021026077249553410e+00 1.728541839664524105e+01 3.475927981153592583e-01
9.035625077289296314e+00 1.751220267401714281e+01 8.657217977376063800e-01
9.050224077329039218e+00 1.703121336878504266e+01 5.247039998831812824e-01
9.064823077368782123e+00 1.635976688331737350e+01 1.071623191866359903e+00
9.079422077408526803e+00 1.665625458099563616e+01 7.634859594434519892e-01
9.094021077448269708e+00 1.508110635081195383e+01 3.331925741935606311e-01
9.108620077488012612e+00 1.477637386193642399e+01 3.388185107064618506e-01
9.123219077527755516e+00 1.459423134908990782e+01 7.177840162772213262e-01
9.137818077567498420e+00 1.398181710899338093e+01 3.809389682335133642e-01
9.152417077607243101e+00 1.393059053043421969e+01 5.029002270893601079e-01
9.167016077646986005e+00 1.303741315059558481e+01 3.222888031846240509e-01
9.181615077686728910e+00 1.198007383377550816e+01 3.176964431724300653e-01
9.196214077726471814e+00 1.184616894658382691e+01 4.033583504581317314e-01
9.210813077766214718e+00 1.167155793004532249e+01 2.596507683500117736e-01
9.225412077805959399e+00 1.077016341693590462e+01 4.522374587342978813e-01
9.240011077845702303e+00 1.058846904300071401e+01 3.621279381138871045e-01
9.254610077885445207e+00 9.942875358208709713e+00 3.007474628224082736e-01
9.269209077925188112e+00 8.947357558348098650e+00 2.838335016421789092e-01
9.283808077964931016e+00 8.735325712812558763e+00 2.711136291000943999e-01
9.298407078004675697e+00 8.600257644345207453e+00 1.957916105449593047e-01
9.313006078044418601e+00 8.079940426101089201e+00 2.583719298999396230e-01
9.327605078084161505e+00 8.147620073489305170e+00 0.000000000000000000e+00
9.342204078123904409e+00 6.653826043524589728e+00 3.375698074688897599e-01
9.356803078163647314e+00 6.047647832248300936e+00 2.652019673470720207e-01
9.371402078203391994e+00 6.098625504707694489e+00 1.973371393585057199e-01
9.386001078243134899e+00 5.894294684253997829e+00 2.487828230695590115e-01
9.400600078282877803e+00 5.628225880556593452e+00 1.357048649414993591e-01
9.415199078322620707e+00 5.213334618435824019e+00 1.841666865791729002e-01
9.429798078362363611e+00 4.792987468211832969e+00 2.039798289723449010e-01
9.444397078402108292e+00 4.606220515169987983e+00 9.571348125432477261e-02
9.458996078441851196e+00 4.564863760859282138e+00 2.205252783531785887e-01
9.473595078481594101e+00 4.496518256085593634e+00 9.005898499702791327e-02
9.488194078521337005e+00 4.411693228177619552e+00 2.774276987376671499e-01
9.502793078561079909e+00 4.481804323246693755e+00 0.000000000000000000e+00
9.517392078600824590e+00 4.856729565263137260e+00 3.118087083895511036e-01
9.531991078640567494e+00 5.189057686510934353e+00 0.000000000000000000e+00
9.546590078680310398e+00 4.506637285892308498e+00 0.000000000000000000e+00
9.561189078720053303e+00 4.667908835440009341e+00 0.000000000000000000e+00
9.575788078759796207e+00 4.761946685914762334e+00 3.106101550197823968e-01
9.590387078799540888e+00 4.839245109234547648e+00 2.714063796123653560e-01
9.604986078839283792e+00 5.334872773183779060e+00 2.618757936349673798e-01
9.619585078879026696e+00 5.762649809700485015e+00 2.206595710788339382e-01
9.634184078918769600e+00 6.235917467638769196e+00 9.827409894222949305e-02
9.648783078958512505e+00 6.507873058192043203e+00 2.218479273954541142e-01
9.663382078998257185e+00 6.334887995379646419e+00 2.238821258788150637e-01
9.677981079038000090e+00 7.228953941410489747e+00 2.454239073980515329e-01
9.692580079077742994e+00 7.567453736053039393e+00 2.684228484728796715e-01
9.707179079117485898e+00 8.374663037461429482e+00 5.820279621591764041e-01
9.721778079157228802e+00 9.974386268140852607e+00 9.403424314230859338e-01
9.736377079196973483e+00 9.271008009728934240e+00 2.757831844721465586e-01
9.750976079236716387e+00 1.002144053017429393e+01 7.148046917761678998e-01
9.765575079276459292e+00 1.092368188958893427e+01 6.668669978202856896e-01
9.780174079316202196e+00 1.150776784604055791e+01 2.673875505950213949e-01
9.794773079355945100e+00 1.215166060920036806e+01 4.877660170486199931e-01
9.809372079395689781e+00 1.352817958038599322e+01 7.220551760387206031e-01
9.823971079435432685e+00 1.283092634843767499e+01 0.000000000000000000e+00
9.838570079475175589e+00 1.389413213184425899e+01 3.014978230030305184e-01
9.853169079514918494e+00 1.468472479897385519e+01 4.818280080468539950e-01
9.867768079554661398e+00 1.614389978800863545e+01 4.881355175532053892e-01
9.882367079594406079e+00 1.618195773335115106e+01 4.806396858588062315e-01
9.896966079634148983e+00 1.658820375856260654e+01 5.109318299308185374e-01
9.911565079673891887e+00 1.722530963782766023e+01 3.710657273869752970e-01
9.926164079713634791e+00 1.860094643101611211e+01 7.958628276423720393e-01
9.940763079753377696e+00 1.915946703761495939e+01 8.057910280108799839e-01
9.955362079793122376e+00 1.882425459160560877e+01 1.263089556026699256e+00
9.969961079832865281e+00 2.012607759313699773e+01 4.146386418025898024e-01
9.984560079872608185e+00 2.100735942615903795e+01 1.806922178391394240e+00
9.999159079912351089e+00 2.146534858060602247e+01 5.361280723803361070e-01
1.001375807995209399e+01 2.195521090944716036e+01 0.000000000000000000e+00
1.002835707999183867e+01 2.284640674833064722e+01 1.309678448322211253e+00
1.004295608003158158e+01 2.540611362774600934e+01 2.636690685379537769e+00
1.005755508007132448e+01 2.545287158965471264e+01 1.581326051338779237e+00
1.007215408011106739e+01 2.530361177466184230e+01 9.324027148357689754e-01
1.008675308015081029e+01 2.529555366590339816e+01 7.853226506951429542e-01
1.010135208019055497e+01 2.529786824268878931e+01 4.794980620333237908e-01
1.011595108023029788e+01 2.529457876643656888e+01 2.339396932526302209e+00
