8.670650076295714825e+00 2.667766932160222026e+01 0.000000000000000000e+00
8.685249076335457730e+00 2.686848515569312212e+01 1.041266016566360975e+00
8.699848076375200634e+00 2.686694785519735618e+01 1.203732328647756589e+00
8.714447076414945315e+00 2.686686633619622100e+01 1.359405110586800802e+00
8.729046076454688219e+00 2.688151364356495421e+01 9.261851940550744899e-01
8.743645076494431123e+00 2.714385744532582834e+01 1.436158579900824961e+00
8.758244076534174027e+00 2.674840533820911759e+01 5.381580044778342398e-01
8.772843076573916932e+00 2.585926021267514940e+01 5.240962562615489873e-01
8.787442076613661612e+00 2.546079048289079694e+01 7.271382422365029186e-01
8.802041076653404517e+00 2.536711238388380707e+01 1.375722951514571690e+00
8.816640076693147421e+00 2.473508339508843434e+01 1.798203073154340359e+00
8.831239076732890325e+00 2.372740945096567700e+01 6.518948680921905492e-01
8.845838076772633229e+00 2.307720602227087170e+01 5.829650409524820276e-01
8.860437076812377910e+00 2.305218904005153036e+01 5.225455482133156693e-01
8.875036076852120814e+00 2.289327287626302621e+01 1.217241725574087496e+00
8.889635076891863719e+00 2.245444014574638558e+01 7.395780182497944111e-01
8.904234076931606623e+00 2.196396549613335125e+01 2.352764004543917764e+00
8.918833076971349527e+00 2.183717341507144738e+01 2.352880292917463478e+00
8.933432077011094208e+00 2.128639945533132405e+01 1.889426570603900402e+00
8.948031077050837112e+00 1.986590193129245208e+01 2.150029006382643715e+00
8.962630077090580016e+00 1.983652066870616792e+01 9.936541011430062298e-01
8.977229077130322921e+00 1.926483033102230635e+01 1.589399878284936563e+00
8.991828077170065825e+00 1.838670758174204778e+01 1.210870521410127409e+00
9.006427077209810506e+00 1.809309645884374618e+01 2.830323585210532400e-01
9.021026077249553410e+00 1.751118450579394903e+01 4.912768550731048123e-01
9.035625077289296314e+00 1.703334507055649638e+01 5.721725863440365600e-01
9.050224077329039218e+00 1.705050518530946846e+01 0.000000000000000000e+00
9.064823077368782123e+00 1.644987395720794865e+01 2.566783123904829544e+00
9.079422077408526803e+00 1.568493798982081877e+01 3.580214684428106864e-01
9.094021077448269708e+00 1.590462011906114448e+01 3.089883876727359535e-01
9.108620077488012612e+00 1.466646494246463206e+01 3.159889984294830256e-01
9.123219077527755516e+00 1.453217092705977542e+01 6.738630151115279077e-01
9.137818077567498420e+00 1.391868869094567529e+01 1.096841795017100551e+00
9.152417077607243101e+00 1.320719578873447730e+01 5.568582042355769701e-01
9.167016077646986005e+00 1.258215504879440694e+01 3.839594997863020609e-01
9.181615077686728910e+00 1.234088995192565896e+01 3.091991102140498882e-01
9.196214077726471814e+00 1.297032791213120717e+01 0.000000000000000000e+00
9.210813077766214718e+00 1.100310547798345162e+01 3.423304317299455946e-01
9.225412077805959399e+00 1.095863452481638944e+01 3.362021213388137753e-01
9.240011077845702303e+00 9.771253274530348421e+00 5.353620378058554508e-01
9.254610077885445207e+00 9.246625544175639533e+00 2.660984013097946743e-01
9.269209077925188112e+00 9.293647711140032186e+00 1.909993955809632382e-01
9.283808077964931016e+00 8.752683568556838267e+00 2.538995903722396363e-01
9.298407078004675697e+00 8.926633250535290998e+00 0.000000000000000000e+00
9.313006078044418601e+00 7.014219340443016648e+00 3.466721019800145243e-01
9.327605078084161505e+00 6.537040870099851020e+00 4.324148625081147834e-01
9.342204078123904409e+00 6.534265637147859351e+00 1.340010580074233459e-01
9.356803078163647314e+00 6.348672712550492925e+00 1.442340390216791945e-01
9.371402078203391994e+00 5.849099565027573000e+00 5.690361272400568105e-01
9.386001078243134899e+00 4.895748940815007444e+00 1.407940203127946432e-01
9.400600078282877803e+00 4.196490926418677603e+00 2.484626358906738552e-01
9.415199078322620707e+00 3.984423960428258749e+00 7.891552488579467450e-02
9.429798078362363611e+00 3.921862741915076889e+00 6.048469072353923615e-02
9.444397078402108292e+00 3.824177174741682173e+00 8.530287639224987117e-02
9.458996078441851196e+00 3.905908370981466593e+00 6.940637150229900243e-02
9.473595078481594101e+00 4.174512268316669328e+00 0.000000000000000000e+00
9.488194078521337005e+00 4.430597270164532198e+00 0.000000000000000000e+00
9.502793078561079909e+00 4.616776844372456168e+00 0.000000000000000000e+00
9.517392078600824590e+00 4.859816709383169453e+00 0.000000000000000000e+00
9.531991078640567494e+00 3.547432979097572492e+00 0.000000000000000000e+00
9.546590078680310398e+00 3.792096061713857491e+00 3.054273383683643317e-01
9.561189078720053303e+00 3.985054621110048156e+00 8.614208654580801650e-02
9.575788078759796207e+00 4.042114971149773694e+00 9.407750345561805005e-02
9.590387078799540888e+00 4.102047160701399520e+00 1.299406467839085977e-01
9.604986078839283792e+00 5.190441380613499689e+00 1.861327998935036199e-01
9.619585078879026696e+00 5.681590868389331028e+00 8.833820088275512461e-02
9.634184078918769600e+00 6.253290841792057186e+00 1.111181204665130373e-01
9.648783078958512505e+00 6.810568524345711694e+00 2.123676732298496184e-01
9.663382078998257185e+00 6.923175005902517221e+00 2.248812159933284427e-01
9.677981079038000090e+00 8.145767106341795127e+00 2.207004585200116331e-01
9.692580079077742994e+00 8.574964932541842444e+00 2.276885076773522698e-01
9.707179079117485898e+00 9.655779330831203211e+00 2.679402113585354073e-01
9.721778079157228802e+00 9.773305727777405139e+00 0.000000000000000000e+00
9.736377079196973483e+00 9.968474066076195683e+00 2.851779449366436126e-01
9.750976079236716387e+00 1.112287404033254568e+01 2.320254752093386941e-01
9.765575079276459292e+00 1.196532702047613839e+01 6.299420115767491168e-01
9.780174079316202196e+00 1.240568244922146590e+01 4.429486736056045260e-01
9.794773079355945100e+00 1.322421717457553747e+01 5.213946069044386178e-01
9.809372079395689781e+00 1.389901757872555876e+01 0.000000000000000000e+00
9.823971079435432685e+00 1.466997393382882287e+01 2.996277591043794430e-01
9.838570079475175589e+00 1.504493541090968201e+01 4.014728079209390899e-01
9.853169079514918494e+00 1.613026143822119707e+01 5.049592284231874117e-01
9.867768079554661398e+00 1.627105215806544081e+01 4.166696419721933609e-01
9.882367079594406079e+00 1.756204947620391010e+01 7.320618300354784225e-01
9.896966079634148983e+00 1.953133797124557702e+01 3.665384405444331861e-01
9.911565079673891887e+00 1.923731783102881465e+01 1.295489153120946924e+00
9.926164079713634791e+00 1.900508366990694853e+01 8.007965103991754319e-01
9.940763079753377696e+00 1.997756910115406370e+01 0.000000000000000000e+00
9.955362079793122376e+00 2.119915821065557537e+01 4.288358044415563342e-01
9.969961079832865281e+00 3.384674254179287090e+01 1.492414939619019165e+00
9.984560079872608185e+00 3.397037761799297328e+01 0.000000000000000000e+00
9.999159079912351089e+00 3.247067189573763812e+01 1.184111131195720645e+00
1.001375807995209399e+01 2.925953375452633409e+01 2.016112466038036288e+00
1.002835707999183867e+01 2.957512139013307717e+01 2.637072256859630315e+00
1.004295608003158158e+01 2.953442385733207942e+01 3.083571360793444072e+00
1.005755508007132448e+01 2.941174909997422304e+01 7.428119374583843637e-01
1.007215408011106739e+01 2.865694205180042786e+01 2.066911922478281483e+00
1.008675308015081029e+01 2.866462808485439240e+01 5.856769752741683988e-01
1.010135208019055497e+01 2.862378510781977070e+01 5.479002977264322283e-01
1.011595108023029788e+01 2.862950037609898502e+01 8.911093925777553437e-01
