8.670650076295714825e+00 2.629504399937369286e+01 2.366877556595454735e-01
8.685249076335457730e+00 2.683937248778437024e+01 1.499584836096737206e+00
8.699848076375200634e+00 2.684136726908706905e+01 2.080721717433471341e+00
8.714447076414945315e+00 2.683593172033307894e+01 2.069851363832825086e+00
8.729046076454688219e+00 2.682780842728144677e+01 1.917591292775902900e+00
8.743645076494431123e+00 2.642666066206786724e+01 2.120461052541479319e+00
8.758244076534174027e+00 2.546396102227548042e+01 2.360556112382983684e+00
8.772843076573916932e+00 2.520033946123844615e+01 3.292893937679103544e+00
8.787442076613661612e+00 2.538853361046882284e+01 1.305783281683046582e+00
8.802041076653404517e+00 2.487129995525071635e+01 1.581931854066301213e+00
8.816640076693147421e+00 2.414686512300841770e+01 2.924620051363735485e-01
8.831239076732890325e+00 2.368722919321775677e+01 1.195862624939298513e+00
8.845838076772633229e+00 2.329563650509485484e+01 1.210550431575294184e+00
8.860437076812377910e+00 2.273577863400354460e+01 1.312476103622866930e+00
8.875036076852120814e+00 2.250795418153569827e+01 2.258199722493245076e+00
8.889635076891863719e+00 2.171990638631713111e+01 6.373687587408216615e-01
8.904234076931606623e+00 2.164469234959715394e+01 3.021339096503741217e-01
8.918833076971349527e+00 2.125958708712565581e+01 3.751931123649747235e+00
8.933432077011094208e+00 2.005025807765675339e+01 2.031916503769680915e+00
8.948031077050837112e+00 2.015171916772400351e+01 7.090249742735554861e-01
8.962630077090580016e+00 1.956001816648538139e+01 1.617430516720888889e+00
8.977229077130322921e+00 1.867738286349779386e+01 5.362503678345493796e-01
8.991828077170065825e+00 1.861234966652043354e+01 2.899747502845908542e+00
9.006427077209810506e+00 1.817544991826489209e+01 1.574447603963754716e+00
9.021026077249553410e+00 1.726661464690797487e+01 3.868076532716209215e-01
9.035625077289296314e+00 1.750847291198617484e+01 4.633405266133117095e-01
9.050224077329039218e+00 1.704927866153394689e+01 2.895602974546402919e-01
9.064823077368782123e+00 1.637761252133513779e+01 0.000000000000000000e+00
9.079422077408526803e+00 1.663989237741197513e+01 3.423510223394785612e-01
9.094021077448269708e+00 1.509268914736035860e+01 0.000000000000000000e+00
9.108620077488012612e+00 1.478763266030325241e+01 7.941541032564263247e-01
9.123219077527755516e+00 1.459166899662113792e+01 5.723293704232421675e-01
9.137818077567498420e+00 1.399656789566160064e+01 6.632008771033017780e-01
9.152417077607243101e+00 1.392190226396745700e+01 4.137848766955851687e-01
9.167016077646986005e+00 1.303967836034521710e+01 3.427611928688412135e-01
9.181615077686728910e+00 1.199091337107111777e+01 3.170212808772143731e-01
9.196214077726471814e+00 1.185422968017576650e+01 4.209840727676530392e-01
9.210813077766214718e+00 1.166726029606735260e+01 2.606564390361985062e-01
9.225412077805959399e+00 1.072429754083598041e+01 8.272054373390629323e-01
9.240011077845702303e+00 1.061201841841544180e+01 8.815682179661923357e-01
9.254610077885445207e+00 9.940383397748712824e+00 3.284464688340182903e-01
9.269209077925188112e+00 8.946095577926859832e+00 3.106364538743013881e-01
9.283808077964931016e+00 8.741403559260650269e+00 2.535841735408137509e-01
9.298407078004675697e+00 8.607237628158392440e+00 5.786158764309048408e-01
9.313006078044418601e+00 8.076587216758690957e+00 2.458721714018805571e-01
9.327605078084161505e+00 8.165569395704352473e+00 0.000000000000000000e+00
9.342204078123904409e+00 6.671836102555629644e+00 3.229171185480561590e-01
9.356803078163647314e+00 6.061204621550476901e+00 1.862591680979006625e-01
9.371402078203391994e+00 6.099922010725659760e+00 2.630350176863607281e-01
9.386001078243134899e+00 5.894399668276691706e+00 2.394108414707285526e-01
9.400600078282877803e+00 5.623058365009514503e+00 1.909873132675854457e-01
9.415199078322620707e+00 5.213950286899846631e+00 1.163523409863045366e-01
9.429798078362363611e+00 4.797585227736517410e+00 1.126839937792936119e-01
9.444397078402108292e+00 4.605958590241208128e+00 1.161700543283337161e-01
9.458996078441851196e+00 4.560460726297685063e+00 8.335139441249017622e-02
9.473595078481594101e+00 4.498587055676209978e+00 2.063159850447839894e-01
9.488194078521337005e+00 4.409016559242234123e+00 1.298561347229227891e-01
9.502793078561079909e+00 4.486339876201566490e+00 0.000000000000000000e+00
9.517392078600824590e+00 4.850335497379541394e+00 3.378858840284366671e-01
9.531991078640567494e+00 5.184183149023358972e+00 0.000000000000000000e+00
9.546590078680310398e+00 4.518344908581949149e+00 0.000000000000000000e+00
9.561189078720053303e+00 4.672299799131668152e+00 0.000000000000000000e+00
9.575788078759796207e+00 4.767515236556921110e+00 1.421265211896116654e-01
9.590387078799540888e+00 4.837705682277861463e+00 1.587482802663338077e-01
9.604986078839283792e+00 5.336486445779361709e+00 1.717679964386951141e-01
9.619585078879026696e+00 5.765853253874347217e+00 2.278602945830923154e-01
9.634184078918769600e+00 6.237458269323727933e+00 1.147044172389422023e-01
9.648783078958512505e+00 6.507624474210909504e+00 2.201323692656536046e-01
9.663382078998257185e+00 6.338647431406245758e+00 2.191017094743892279e-01
9.677981079038000090e+00 7.233586641919500515e+00 2.052265680385003677e-01
9.692580079077742994e+00 7.574380457895180108e+00 2.416951338403823257e-01
9.707179079117485898e+00 8.367930062544699510e+00 2.012654369777031604e-01
9.721778079157228802e+00 9.968964004423119363e+00 8.270642122655535999e-01
9.736377079196973483e+00 9.267036372482243323e+00 2.664253760499830648e-01
9.750976079236716387e+00 1.003136794447143387e+01 2.377849253998629564e-01
9.765575079276459292e+00 1.093258026664131144e+01 2.362672684783957422e-01
9.780174079316202196e+00 1.149984682655020585e+01 2.917736076499544140e-01
9.794773079355945100e+00 1.215366091628811418e+01 2.431749407813450503e-01
9.809372079395689781e+00 1.352172999847513779e+01 6.290618625680037823e-01
9.823971079435432685e+00 1.282913332800228368e+01 5.183225629174250670e-01
9.838570079475175589e+00 1.390362064915763085e+01 1.122993546574035939e+00
9.853169079514918494e+00 1.468638609794606253e+01 3.115598801266559192e-01
9.867768079554661398e+00 1.614943437093269907e+01 4.331412850890794530e-01
9.882367079594406079e+00 1.619664270581693444e+01 5.327045277070103779e-01
9.896966079634148983e+00 1.659045153458691146e+01 4.447151026836984045e-01
9.911565079673891887e+00 1.722824198325941580e+01 5.171566148168498245e-01
9.926164079713634791e+00 1.860096470774152522e+01 1.232238965472474135e+00
9.940763079753377696e+00 1.916903092905503314e+01 7.338848344165000981e-01
9.955362079793122376e+00 1.881738713601620105e+01 0.000000000000000000e+00
9.969961079832865281e+00 2.013613200448694585e+01 4.565387573024075607e-01
9.984560079872608185e+00 2.100278650741772424e+01 2.367877840551368962e+00
9.999159079912351089e+00 2.146096452935019272e+01 5.517280945880305154e-01
1.001375807995209399e+01 2.194783394404434063e+01 0.000000000000000000e+00
1.002835707999183867e+01 2.283273189832270234e+01 9.086306720980665830e-01
1.004295608003158158e+01 2.541723539774833185e+01 1.057288937491760450e+00
1.005755508007132448e+01 2.546050304799781117e+01 3.158797170089117756e+00
1.007215408011106739e+01 2.529017186978040499e+01 3.903298161189315607e+00
1.008675308015081029e+01 2.529965057364809056e+01 2.268043388332323218e+00
1.010135208019055497e+01 2.528769254966969271e+01 1.618761129102892937e+00
1.011595108023029788e+01 2.528926899586621602e+01 7.377213411107863550e-01
