7.510650228883605450e+00 6.000000000000000000e+01 0.000000000000000000e+00
7.523247228917898433e+00 6.000000000000000000e+01 0.000000000000000000e+00
7.535844228952191415e+00 6.000000000000000000e+01 0.000000000000000000e+00
7.548441228986485285e+00 6.000000000000000000e+01 0.000000000000000000e+00
7.561038229020778267e+00 6.000000000000000000e+01 0.000000000000000000e+00
7.573635229055071250e+00 6.000000000000000000e+01 0.000000000000000000e+00
7.586232229089364232e+00 6.000000000000000000e+01 0.000000000000000000e+00
7.598829229123657214e+00 6.000000000000000000e+01 0.000000000000000000e+00
7.611426229157951084e+00 6.000000000000000000e+01 0.000000000000000000e+00
7.624023229192244067e+00 6.000000000000000000e+01 0.000000000000000000e+00
7.636620229226537049e+00 6.000000000000000000e+01 0.000000000000000000e+00
7.649217229260830031e+00 6.000000000000000000e+01 0.000000000000000000e+00
7.661814229295123013e+00 6.000000000000000000e+01 0.000000000000000000e+00
7.674411229329416884e+00 6.000000000000000000e+01 2.357022603955158502e+00
7.687008229363709866e+00 6.000000000000000000e+01 0.000000000000000000e+00
7.699605229398002848e+00 6.000000000000000000e+01 0.000000000000000000e+00
7.712202229432295830e+00 5.500000000000000000e+01 3.333333333333333481e+00
7.724799229466588812e+00 6.000000000000000000e+01 3.333333333333333481e+00
7.737396229500882683e+00 6.000000000000000000e+01 3.424674446093875169e+00
7.749993229535175665e+00 6.000000000000000000e+01 2.484519974999765957e+00
7.762590229569468647e+00 5.500000000000000000e+01 2.357022603955158502e+00
7.775187229603761629e+00 5.500000000000000000e+01 2.357022603955158502e+00
7.787784229638054612e+00 5.500000000000000000e+01 0.000000000000000000e+00
7.800381229672348482e+00 5.500000000000000000e+01 0.000000000000000000e+00
7.812978229706641464e+00 5.500000000000000000e+01 0.000000000000000000e+00
7.825575229740934446e+00 5.500000000000000000e+01 0.000000000000000000e+00
7.838172229775227429e+00 5.500000000000000000e+01 0.000000000000000000e+00
7.850769229809520411e+00 5.500000000000000000e+01 0.000000000000000000e+00
7.863366229843814281e+00 5.500000000000000000e+01 0.000000000000000000e+00
7.875963229878107263e+00 5.500000000000000000e+01 0.000000000000000000e+00
7.888560229912400246e+00 5.500000000000000000e+01 0.000000000000000000e+00
7.901157229946693228e+00 5.500000000000000000e+01 0.000000000000000000e+00
7.913754229980986210e+00 5.500000000000000000e+01 9.585225256084308398e+01
7.926351230015280080e+00 5.500000000000000000e+01 9.585225256084308398e+01
7.938948230049573063e+00 5.500000000000000000e+01 9.585225256084308398e+01
7.951545230083866045e+00 5.500000000000000000e+01 9.585225256084308398e+01
7.964142230118159027e+00 5.500000000000000000e+01 9.585225256084308398e+01
7.976739230152452009e+00 5.500000000000000000e+01 9.742360096347987053e+01
7.989336230186745880e+00 5.500000000000000000e+01 9.742360096347987053e+01
8.001933230221037974e+00 5.500000000000000000e+01 9.742360096347987053e+01
8.014530230255331844e+00 5.500000000000000000e+01 9.742360096347987053e+01
8.027127230289625714e+00 5.500000000000000000e+01 9.742360096347987053e+01
8.039724230323917809e+00 5.500000000000000000e+01 1.288793099888801805e+02
8.052321230358211679e+00 5.500000000000000000e+01 1.288793099888801805e+02
8.064918230392503773e+00 5.500000000000000000e+01 9.783773414292781467e+01
8.077515230426797643e+00 5.500000000000000000e+01 9.803942265773360987e+01
8.090112230461091514e+00 5.500000000000000000e+01 9.940874592022623801e+01
8.102709230495383608e+00 5.500000000000000000e+01 9.980845853464388995e+01
8.115306230529677478e+00 5.500000000000000000e+01 9.961035198322623785e+01
8.127903230563969572e+00 5.000000000000000000e+01 1.000030863721246135e+02
8.140500230598263443e+00 5.000000000000000000e+01 1.005662977687534436e+02
8.153097230632557313e+00 5.000000000000000000e+01 1.003819864810243132e+02
8.165694230666849407e+00 5.000000000000000000e+01 1.000030863721246135e+02
8.178291230701143277e+00 5.000000000000000000e+01 1.005662977687534436e+02
8.190888230735435371e+00 5.000000000000000000e+01 1.005662977687534436e+02
8.203485230769729242e+00 5.000000000000000000e+01 1.005662977687534436e+02
8.216082230804023112e+00 5.000000000000000000e+01 1.005662977687534436e+02
8.228679230838315206e+00 5.000000000000000000e+01 1.005662977687534436e+02
8.241276230872609077e+00 5.000000000000000000e+01 1.005662977687534436e+02
8.253873230906901171e+00 5.000000000000000000e+01 1.005662977687534436e+02
8.266470230941195041e+00 5.000000000000000000e+01 1.005662977687534436e+02
8.279067230975488911e+00 5.000000000000000000e+01 1.005662977687534436e+02
8.291664231009781005e+00 5.000000000000000000e+01 1.005662977687534436e+02
8.304261231044074876e+00 5.000000000000000000e+01 1.007747763855398233e+02
8.316858231078366970e+00 5.000000000000000000e+01 1.007747763855398233e+02
8.329455231112660840e+00 5.000000000000000000e+01 1.571348402636771890e+00
8.342052231146954711e+00 5.000000000000000000e+01 1.571348402636771890e+00
8.354649231181246805e+00 5.000000000000000000e+01 1.571348402636771890e+00
8.367246231215540675e+00 5.000000000000000000e+01 1.571348402636771890e+00
8.379843231249832769e+00 5.000000000000000000e+01 1.571348402636771890e+00
8.392440231284126639e+00 5.000000000000000000e+01 0.000000000000000000e+00
8.405037231318420510e+00 5.000000000000000000e+01 1.571348402636771890e+00
8.417634231352712604e+00 5.000000000000000000e+01 0.000000000000000000e+00
8.430231231387006474e+00 5.000000000000000000e+01 0.000000000000000000e+00
8.442828231421298568e+00 5.000000000000000000e+01 0.000000000000000000e+00
8.455425231455592439e+00 5.000000000000000000e+01 0.000000000000000000e+00
8.468022231489886309e+00 5.000000000000000000e+01 0.000000000000000000e+00
8.480619231524178403e+00 5.000000000000000000e+01 2.078698548207745134e+00
8.493216231558472273e+00 4.500000000000000000e+01 2.357022603955158502e+00
8.505813231592764367e+00 4.500000000000000000e+01 1.571348402636771890e+00
8.518410231627058238e+00 4.500000000000000000e+01 1.571348402636771890e+00
8.531007231661352108e+00 4.500000000000000000e+01 1.571348402636771890e+00
8.543604231695644202e+00 4.500000000000000000e+01 0.000000000000000000e+00
8.556201231729938073e+00 4.500000000000000000e+01 0.000000000000000000e+00
8.568798231764230167e+00 4.500000000000000000e+01 0.000000000000000000e+00
8.581395231798524037e+00 4.500000000000000000e+01 0.000000000000000000e+00
8.593992231832817907e+00 4.500000000000000000e+01 1.571348402636771890e+00
8.606589231867110001e+00 4.500000000000000000e+01 1.571348402636771890e+00
8.619186231901403872e+00 4.500000000000000000e+01 1.571348402636771890e+00
8.631783231935695966e+00 4.500000000000000000e+01 0.000000000000000000e+00
8.644380231969989836e+00 4.500000000000000000e+01 0.000000000000000000e+00
8.656977232004283707e+00 4.500000000000000000e+01 0.000000000000000000e+00
8.669574232038575801e+00 4.500000000000000000e+01 4.714045207910317004e+00
8.682171232072869671e+00 4.500000000000000000e+01 4.714045207910317004e+00
8.694768232107161765e+00 4.500000000000000000e+01 4.714045207910317004e+00
8.707365232141455635e+00 4.500000000000000000e+01 4.714045207910317004e+00
8.719962232175749506e+00 4.500000000000000000e+01 4.714045207910317004e+00
8.732559232210041600e+00 4.500000000000000000e+01 4.714045207910317004e+00
8.745156232244335470e+00 4.500000000000000000e+01 4.714045207910317004e+00
8.757753232278627564e+00 4.500000000000000000e+01 4.714045207910317004e+00
