7.576119999999999521e+00 8.000000000000000000e+03 6.873849799999999640e-04
7.636599999999999611e+00 7.964247713480769562e+03 4.529945099999999883e-04
7.697089999999999321e+00 8.176179579181574809e+03 4.407514399999999991e-04
7.757569999999999411e+00 8.244094463181476385e+03 4.778408299999999825e-04
7.818050000000000388e+00 8.281154771659008475e+03 9.565228799999999677e-04
7.878539999999999210e+00 8.468282212324664215e+03 4.933248299999999989e-04
7.939019999999999300e+00 8.510469527734672738e+03 6.024510900000000155e-04
7.999510000000000787e+00 8.579176753093486695e+03 5.673255099999999478e-04
8.059989999999999100e+00 8.700016965860353594e+03 3.357524999999999876e-04
8.120469999999999189e+00 8.699751283702395085e+03 3.897363199999999786e-04
8.180960000000000676e+00 8.769162394258913992e+03 4.358326799999999771e-04
8.241439999999998989e+00 8.926453446279096170e+03 3.909425899999999991e-04
8.301919999999999078e+00 9.020583348778527579e+03 4.994193999999999977e-04
8.362410000000000565e+00 9.022942807092756993e+03 4.766872199999999866e-04
8.422889999999998878e+00 9.080705935059455442e+03 3.217681700000000252e-04
8.483369999999998967e+00 9.171346524306094580e+03 3.993143299999999882e-04
8.543860000000000454e+00 9.097311226768937559e+03 4.266457699999999780e-04
8.604339999999998767e+00 9.237622459928987155e+03 4.378235599999999840e-04
8.664830000000000254e+00 9.321791320388178065e+03 9.059578900000000079e-04
8.725310000000000343e+00 9.401056196363893832e+03 3.793363599999999996e-04
8.785789999999998656e+00 9.506407798037960674e+03 3.402606200000000145e-04
8.846280000000000143e+00 9.475807612397647972e+03 3.274176600000000049e-04
8.906760000000000232e+00 9.541041208220198314e+03 4.343651499999999759e-04
8.967239999999998545e+00 9.682933673680438005e+03 3.853816299999999920e-04
9.027730000000000032e+00 9.761430674895023913e+03 3.103157200000000227e-04
9.088210000000000122e+00 9.833010843447140360e+03 4.291735500000000035e-04
9.148690000000000211e+00 9.953294284277320912e+03 4.585180100000000041e-04
9.209179999999999922e+00 9.975648285442386623e+03 5.973091500000000205e-04
9.269660000000000011e+00 1.006638454535983874e+04 3.462733300000000059e-04
9.330149999999999721e+00 1.011617783593648528e+04 4.737753800000000094e-04
9.390629999999999811e+00 1.017855950474587371e+04 6.074558499999999821e-04
9.451109999999999900e+00 1.033949262941781490e+04 5.298958899999999753e-04
9.511599999999999611e+00 1.042049620220764882e+04 6.743619499999999479e-04
9.572079999999999700e+00 1.044091295070737397e+04 6.212579900000000065e-04
9.632559999999999789e+00 1.047764546950950171e+04 5.498285200000000176e-04
9.693049999999999500e+00 1.056760099401826847e+04 5.200625200000000455e-04
9.753529999999999589e+00 1.046468193677744966e+04 7.066632399999999694e-04
9.814010000000001455e+00 1.056726348043862345e+04 7.825938500000000119e-04
9.874499999999999389e+00 1.073821787262226644e+04 6.873233899999999516e-04
9.934979999999999478e+00 1.075995017126422317e+04 4.760792099999999944e-04
9.995469999999999189e+00 1.092358277722468847e+04 4.630063800000000182e-04
1.005599999999999916e+01 1.103810307958008161e+04 4.953660500000000308e-04
1.011640000000000050e+01 1.101191974218793075e+04 5.454073000000000254e-04
1.017689999999999984e+01 1.120117703155787422e+04 4.912343000000000005e-04
1.023739999999999917e+01 1.120771024051410677e+04 4.014561100000000075e-04
1.029790000000000028e+01 1.128211755580727186e+04 1.162028600000000050e-03
1.035839999999999961e+01 1.143904600030136316e+04 1.010603299999999994e-03
1.041879999999999917e+01 1.149233801436071735e+04 1.177416099999999957e-03
1.047930000000000028e+01 1.158365833588160967e+04 5.418962700000000497e-04
1.053979999999999961e+01 1.172083533513102884e+04 3.950577800000000094e-04
1.060030000000000072e+01 1.185331851169842594e+04 3.996982999999999743e-04
1.066080000000000005e+01 1.187536511201957364e+04 8.553630900000000091e-04
1.072129999999999939e+01 1.193796541183734189e+04 4.910042000000000312e-04
1.078170000000000073e+01 1.199890166933165892e+04 4.168490100000000207e-04
1.084220000000000006e+01 1.204142806669296806e+04 4.248436299999999743e-04
1.090269999999999939e+01 1.211969483094894349e+04 6.323133699999999467e-04
1.096320000000000050e+01 1.223827721588467466e+04 4.074087799999999730e-04
1.102369999999999983e+01 1.226137995767670691e+04 1.032579299999999934e-03
1.108419999999999916e+01 1.227642252387150074e+04 4.281635599999999986e-04
1.114470000000000027e+01 1.231996083462309070e+04 4.761655300000000157e-04
1.120509999999999984e+01 1.244602717541088168e+04 5.562915499999999611e-04
1.126559999999999917e+01 1.247782308759916486e+04 1.205182400000000091e-03
1.132610000000000028e+01 1.260155945545979375e+04 1.044152499999999968e-03
1.138659999999999961e+01 1.264173831413143307e+04 1.377680199999999902e-03
1.144710000000000072e+01 1.279644437599373487e+04 5.484754800000000161e-04
1.150760000000000005e+01 1.283124528826847563e+04 4.627062300000000139e-04
1.156799999999999962e+01 1.296689751659719514e+04 5.362096699999999811e-04
1.162850000000000072e+01 1.298725215757947808e+04 1.082682099999999993e-03
1.168900000000000006e+01 1.316368330357413470e+04 4.690196399999999803e-04
1.174949999999999939e+01 1.306143613674930384e+04 5.241294300000000394e-04
1.181000000000000050e+01 1.311500136115054920e+04 5.482278099999999968e-04
1.187049999999999983e+01 1.302713867177506290e+04 4.845588699999999979e-04
1.193089999999999939e+01 1.318743848797366809e+04 5.050422599999999712e-04
1.199140000000000050e+01 1.342317478494389979e+04 1.084532499999999984e-03
1.205189999999999984e+01 1.355873698873975991e+04 5.189610499999999836e-04
1.211239999999999917e+01 1.366476581329343389e+04 8.668254600000000008e-04
1.217290000000000028e+01 1.370570627323959161e+04 5.644957999999999834e-04
1.223339999999999961e+01 1.371222787624559533e+04 5.703845500000000309e-04
1.229379999999999917e+01 1.372508852379723794e+04 1.268520499999999931e-03
1.235430000000000028e+01 1.377358382999415880e+04 6.963812599999999768e-04
1.241479999999999961e+01 1.390275178256220897e+04 7.386747699999999953e-04
1.247530000000000072e+01 1.384652910923273521e+04 6.932321100000000003e-04
1.253580000000000005e+01 1.386501644692538321e+04 6.928026600000000311e-04
1.259629999999999939e+01 1.399479543708930214e+04 6.155308199999999594e-04
1.265670000000000073e+01 1.413403955017689623e+04 7.469555100000000152e-04
1.271720000000000006e+01 1.422242701670735551e+04 1.272481300000000105e-03
1.277769999999999939e+01 1.425081297524846923e+04 1.594670000000000072e-03
1.283820000000000050e+01 1.423990589142735735e+04 8.000638899999999677e-04
1.289869999999999983e+01 1.440422669886899712e+04 1.271839799999999925e-03
1.295919999999999916e+01 1.452374006921773071e+04 1.081227099999999960e-03
1.301970000000000027e+01 1.447935138735607870e+04 7.809363299999999607e-04
1.308009999999999984e+01 1.455408429660433103e+04 8.867636800000000411e-04
1.314059999999999917e+01 1.455313198133684818e+04 2.709190399999999912e-03
1.320110000000000028e+01 1.456184585423891258e+04 2.023014200000000130e-03
1.326159999999999961e+01 1.472160803263499110e+04 8.039742800000000168e-04
1.332210000000000072e+01 1.475357552468207359e+04 8.420304499999999503e-04
1.338260000000000005e+01 1.471989035200101898e+04 1.172502599999999950e-03
1.344299999999999962e+01 1.466932228582797143e+04 9.786194399999999932e-04
1.350350000000000072e+01 1.479742468669521986e+04 8.313793199999999512e-04
1.356400000000000006e+01 1.479538894029009134e+04 9.160051100000000035e-04
1.362449999999999939e+01 1.480530261750642421e+04 8.576303999999999872e-04
1.368500000000000050e+01 1.497743172005789529e+04 8.812681799999999782e-04
1.374549999999999983e+01 1.484337327100258335e+04 3.705416799999999844e-03
1.380589999999999939e+01 1.498234417374829172e+04 1.232336699999999913e-03
1.386640000000000050e+01 1.508944325511772331e+04 8.910419400000000071e-04
1.392689999999999984e+01 1.496612721086000238e+04 1.335962200000000068e-03
1.398739999999999917e+01 1.505450056204558678e+04 1.340789499999999954e-03
1.406939999999999991e+01 1.496275019301754037e+04 6.306375099999999949e-04
1.415399999999999991e+01 1.485283274778831219e+04 6.943466100000000385e-04
1.423869999999999969e+01 1.482567827466884955e+04 1.078138599999999957e-03
1.432339999999999947e+01 1.483981745879172195e+04 5.870302600000000407e-04
1.440809999999999924e+01 1.506712783589531500e+04 7.266716599999999875e-04
1.449269999999999925e+01 1.531723951375930483e+04 6.286678800000000244e-04
1.457740000000000080e+01 1.525375935744440903e+04 1.206621099999999986e-03
1.466210000000000058e+01 1.529195140290648487e+04 1.705654399999999944e-03
1.474680000000000035e+01 1.532757853336783410e+04 1.678098700000000068e-03
1.483150000000000013e+01 1.547558325683274052e+04 6.967476800000000497e-04
1.491610000000000014e+01 1.525140334954781247e+04 8.927600000000000379e-04
1.500079999999999991e+01 1.527388125207343728e+04 5.126402199999999590e-04
1.508549999999999969e+01 1.538457723699103553e+04 6.493033100000000085e-04
1.517009999999999970e+01 1.553942821639403883e+04 6.866165200000000097e-04
1.525479999999999947e+01 1.566317054406695024e+04 9.714954100000000505e-04
1.533949999999999925e+01 1.569609505649647326e+04 4.142888400000000197e-04
1.542420000000000080e+01 1.568990187051452995e+04 7.601646899999999754e-04
1.550890000000000057e+01 1.590026473721403636e+04 4.998577100000000176e-04
1.559350000000000058e+01 1.593535579824451452e+04 4.594158099999999805e-04
1.567820000000000036e+01 1.605551784710878201e+04 9.218912999999999804e-04
1.576290000000000013e+01 1.637801740492599856e+04 2.725742499999999919e-03
1.584759999999999991e+01 1.656152912158366235e+04 3.661865399999999961e-03
1.593219999999999992e+01 1.688238000711962013e+04 7.815966400000000066e-04
1.601689999999999969e+01 1.697389323835379037e+04 1.619175899999999915e-03
1.610160000000000124e+01 1.711487008844322554e+04 7.806313799999999459e-04
1.618629999999999924e+01 1.711164865306870342e+04 8.752699899999999726e-04
1.627100000000000080e+01 1.723579530695366338e+04 7.113399900000000158e-04
1.635559999999999903e+01 1.726145606291115109e+04 7.816855800000000213e-04
1.644030000000000058e+01 1.735708972015113250e+04 2.416225599999999914e-03
1.652499999999999858e+01 1.722248108632008007e+04 7.569286399999999642e-04
1.660970000000000013e+01 1.730709410963129631e+04 7.370554999999999772e-04
1.669429999999999836e+01 1.779088124411395256e+04 2.397584700000000152e-03
1.677899999999999991e+01 1.786919129542754308e+04 1.989870999999999827e-03
1.686370000000000147e+01 1.788884456060676166e+04 9.058921100000000412e-04
1.694839999999999947e+01 1.813105478208475688e+04 6.564446399999999959e-04
1.703300000000000125e+01 1.822991112939658342e+04 2.464310500000000109e-03
1.711769999999999925e+01 1.819982160556636882e+04 8.191613599999999704e-04
1.720240000000000080e+01 1.831880580731950249e+04 8.887213199999999995e-04
1.728709999999999880e+01 1.872986817561794669e+04 1.813982700000000029e-03
1.737170000000000059e+01 1.873109966103959596e+04 7.695882199999999661e-04
1.745639999999999858e+01 1.904692234705719966e+04 7.994370499999999729e-04
1.754110000000000014e+01 1.899002339187110920e+04 7.528183600000000128e-04
1.762580000000000169e+01 1.912671545060552671e+04 8.642163000000000015e-04
1.771049999999999969e+01 1.971578423738653510e+04 8.610773399999999654e-04
1.779510000000000147e+01 1.956450098981895644e+04 2.997135699999999969e-03
1.787979999999999947e+01 1.965658197159137853e+04 2.584013599999999793e-03
1.796450000000000102e+01 1.961318293224254012e+04 1.177407799999999945e-03
1.804919999999999902e+01 1.985926075821594713e+04 8.820097999999999524e-04
1.813380000000000081e+01 2.009133522105159500e+04 1.016495100000000106e-03
1.821849999999999881e+01 2.019767113277485623e+04 2.488386400000000120e-03
1.830320000000000036e+01 2.040075895072643107e+04 1.438781000000000088e-03
1.838789999999999836e+01 2.044970406591332721e+04 1.225625400000000071e-03
1.847250000000000014e+01 2.055541388367285617e+04 9.392914899999999694e-04
1.855720000000000169e+01 2.057467097817262402e+04 1.488411000000000031e-03
1.864189999999999969e+01 2.109060879051138181e+04 1.683554700000000105e-03
1.872660000000000124e+01 2.110130320313639459e+04 7.791826500000000131e-04
1.881129999999999924e+01 2.130697601124584980e+04 7.543655199999999873e-04
1.889590000000000103e+01 2.173178703912565470e+04 6.674303400000000490e-04
1.898059999999999903e+01 2.191228967793057018e+04 8.792421999999999824e-04
1.906530000000000058e+01 2.194835501143166766e+04 1.843742999999999901e-03
1.914999999999999858e+01 2.212733632973351632e+04 8.336330600000000507e-04
1.923460000000000036e+01 2.181678368614311330e+04 6.798422000000000145e-04
1.931929999999999836e+01 2.201617171536611204e+04 2.119728799999999816e-03
1.940399999999999991e+01 2.194165022261663398e+04 1.254324999999999928e-03
1.948870000000000147e+01 2.219600120905770746e+04 2.410978299999999921e-03
1.957339999999999947e+01 2.237471841357325320e+04 8.228059200000000309e-04
1.965800000000000125e+01 2.263707625097538039e+04 1.199828700000000027e-03
1.974269999999999925e+01 2.229113581043781960e+04 9.728544999999999467e-04
1.982740000000000080e+01 2.252037057955920318e+04 1.287573499999999926e-03
1.991209999999999880e+01 2.233784191825340895e+04 1.214817599999999968e-03
1.999670000000000059e+01 2.233767598453256142e+04 1.793154300000000031e-03
2.008139999999999858e+01 2.302074355794284565e+04 1.321857799999999906e-03
2.016610000000000014e+01 2.301446850296063712e+04 1.062584299999999983e-03
2.025080000000000169e+01 2.276192177126875686e+04 1.622586000000000080e-03
2.033539999999999992e+01 2.296871847450449059e+04 1.655570500000000042e-03
2.042010000000000147e+01 2.345325089919647871e+04 1.946648199999999893e-03
2.050479999999999947e+01 2.333776981236668507e+04 1.254275900000000098e-03
