8.670650076295714825e+00 4.500000000000000000e+01 4.500000000000000000e+01
8.685249076335457730e+00 4.500000000000000000e+01 4.500000000000000000e+01
8.699848076375200634e+00 4.500000000000000000e+01 4.500000000000000000e+01
8.714447076414945315e+00 4.500000000000000000e+01 4.500000000000000000e+01
8.729046076454688219e+00 4.500000000000000000e+01 4.500000000000000000e+01
8.743645076494431123e+00 4.500000000000000000e+01 4.500000000000000000e+01
8.758244076534174027e+00 4.500000000000000000e+01 4.500000000000000000e+01
8.772843076573916932e+00 4.500000000000000000e+01 4.500000000000000000e+01
8.787442076613661612e+00 4.500000000000000000e+01 4.500000000000000000e+01
8.802041076653404517e+00 4.500000000000000000e+01 4.500000000000000000e+01
8.816640076693147421e+00 4.500000000000000000e+01 4.500000000000000000e+01
8.831239076732890325e+00 4.500000000000000000e+01 4.500000000000000000e+01
8.845838076772633229e+00 4.500000000000000000e+01 4.500000000000000000e+01
8.860437076812377910e+00 4.500000000000000000e+01 4.500000000000000000e+01
8.875036076852120814e+00 4.500000000000000000e+01 4.500000000000000000e+01
8.889635076891863719e+00 4.500000000000000000e+01 4.500000000000000000e+01
8.904234076931606623e+00 4.500000000000000000e+01 4.500000000000000000e+01
8.918833076971349527e+00 4.500000000000000000e+01 4.500000000000000000e+01
8.933432077011094208e+00 4.500000000000000000e+01 4.500000000000000000e+01
8.948031077050837112e+00 4.500000000000000000e+01 4.500000000000000000e+01
8.962630077090580016e+00 4.500000000000000000e+01 4.500000000000000000e+01
8.977229077130322921e+00 4.500000000000000000e+01 4.500000000000000000e+01
8.991828077170065825e+00 4.000000000000000000e+01 4.000000000000000000e+01
9.006427077209810506e+00 4.000000000000000000e+01 4.000000000000000000e+01
9.021026077249553410e+00 4.000000000000000000e+01 4.000000000000000000e+01
9.035625077289296314e+00 4.000000000000000000e+01 4.000000000000000000e+01
9.050224077329039218e+00 4.000000000000000000e+01 4.000000000000000000e+01
9.064823077368782123e+00 4.000000000000000000e+01 4.000000000000000000e+01
9.079422077408526803e+00 4.000000000000000000e+01 4.000000000000000000e+01
9.094021077448269708e+00 4.000000000000000000e+01 4.000000000000000000e+01
9.108620077488012612e+00 4.000000000000000000e+01 4.000000000000000000e+01
9.123219077527755516e+00 4.000000000000000000e+01 4.000000000000000000e+01
9.137818077567498420e+00 4.000000000000000000e+01 4.000000000000000000e+01
9.152417077607243101e+00 4.000000000000000000e+01 4.000000000000000000e+01
9.167016077646986005e+00 4.000000000000000000e+01 4.000000000000000000e+01
9.181615077686728910e+00 4.000000000000000000e+01 4.000000000000000000e+01
9.196214077726471814e+00 4.000000000000000000e+01 4.000000000000000000e+01
9.210813077766214718e+00 4.000000000000000000e+01 4.000000000000000000e+01
9.225412077805959399e+00 4.000000000000000000e+01 4.000000000000000000e+01
9.240011077845702303e+00 4.000000000000000000e+01 4.000000000000000000e+01
9.254610077885445207e+00 4.000000000000000000e+01 4.000000000000000000e+01
9.269209077925188112e+00 4.000000000000000000e+01 4.000000000000000000e+01
9.283808077964931016e+00 4.000000000000000000e+01 4.000000000000000000e+01
9.298407078004675697e+00 4.000000000000000000e+01 4.000000000000000000e+01
9.313006078044418601e+00 4.000000000000000000e+01 4.000000000000000000e+01
9.327605078084161505e+00 4.000000000000000000e+01 4.000000000000000000e+01
9.342204078123904409e+00 4.000000000000000000e+01 4.000000000000000000e+01
9.356803078163647314e+00 4.000000000000000000e+01 4.000000000000000000e+01
9.371402078203391994e+00 4.000000000000000000e+01 4.000000000000000000e+01
9.386001078243134899e+00 4.000000000000000000e+01 4.000000000000000000e+01
9.400600078282877803e+00 4.000000000000000000e+01 4.000000000000000000e+01
9.415199078322620707e+00 4.000000000000000000e+01 4.000000000000000000e+01
9.429798078362363611e+00 4.000000000000000000e+01 4.000000000000000000e+01
9.444397078402108292e+00 4.000000000000000000e+01 4.000000000000000000e+01
9.458996078441851196e+00 4.000000000000000000e+01 4.000000000000000000e+01
9.473595078481594101e+00 4.000000000000000000e+01 4.000000000000000000e+01
9.488194078521337005e+00 4.000000000000000000e+01 4.000000000000000000e+01
9.502793078561079909e+00 4.000000000000000000e+01 4.000000000000000000e+01
9.517392078600824590e+00 4.000000000000000000e+01 4.000000000000000000e+01
9.531991078640567494e+00 4.000000000000000000e+01 4.000000000000000000e+01
9.546590078680310398e+00 4.000000000000000000e+01 4.000000000000000000e+01
9.561189078720053303e+00 3.500000000000000000e+01 3.500000000000000000e+01
9.575788078759796207e+00 3.500000000000000000e+01 3.500000000000000000e+01
9.590387078799540888e+00 3.500000000000000000e+01 3.500000000000000000e+01
9.604986078839283792e+00 3.500000000000000000e+01 3.500000000000000000e+01
9.619585078879026696e+00 3.500000000000000000e+01 3.500000000000000000e+01
9.634184078918769600e+00 3.500000000000000000e+01 3.500000000000000000e+01
9.648783078958512505e+00 3.500000000000000000e+01 3.500000000000000000e+01
9.663382078998257185e+00 3.500000000000000000e+01 3.500000000000000000e+01
9.677981079038000090e+00 3.500000000000000000e+01 3.500000000000000000e+01
9.692580079077742994e+00 3.500000000000000000e+01 3.500000000000000000e+01
9.707179079117485898e+00 3.500000000000000000e+01 3.500000000000000000e+01
9.721778079157228802e+00 3.500000000000000000e+01 3.500000000000000000e+01
9.736377079196973483e+00 3.500000000000000000e+01 3.500000000000000000e+01
9.750976079236716387e+00 3.500000000000000000e+01 3.500000000000000000e+01
9.765575079276459292e+00 3.500000000000000000e+01 3.500000000000000000e+01
9.780174079316202196e+00 3.500000000000000000e+01 3.500000000000000000e+01
9.794773079355945100e+00 3.500000000000000000e+01 3.500000000000000000e+01
9.809372079395689781e+00 3.500000000000000000e+01 3.500000000000000000e+01
9.823971079435432685e+00 3.500000000000000000e+01 3.500000000000000000e+01
9.838570079475175589e+00 3.500000000000000000e+01 3.500000000000000000e+01
9.853169079514918494e+00 3.500000000000000000e+01 3.500000000000000000e+01
9.867768079554661398e+00 3.500000000000000000e+01 3.500000000000000000e+01
9.882367079594406079e+00 3.500000000000000000e+01 3.500000000000000000e+01
9.896966079634148983e+00 3.500000000000000000e+01 3.500000000000000000e+01
9.911565079673891887e+00 3.500000000000000000e+01 3.500000000000000000e+01
9.926164079713634791e+00 3.500000000000000000e+01 3.500000000000000000e+01
9.940763079753377696e+00 3.500000000000000000e+01 3.500000000000000000e+01
9.955362079793122376e+00 3.500000000000000000e+01 3.500000000000000000e+01
9.969961079832865281e+00 3.500000000000000000e+01 3.500000000000000000e+01
9.984560079872608185e+00 3.500000000000000000e+01 3.500000000000000000e+01
9.999159079912351089e+00 3.500000000000000000e+01 3.500000000000000000e+01
1.001375807995209399e+01 3.500000000000000000e+01 3.500000000000000000e+01
1.002835707999183867e+01 3.500000000000000000e+01 3.500000000000000000e+01
1.004295608003158158e+01 3.500000000000000000e+01 3.500000000000000000e+01
1.005755508007132448e+01 3.500000000000000000e+01 3.500000000000000000e+01
1.007215408011106739e+01 3.500000000000000000e+01 3.500000000000000000e+01
1.008675308015081029e+01 3.500000000000000000e+01 3.500000000000000000e+01
1.010135208019055497e+01 3.500000000000000000e+01 3.500000000000000000e+01
1.011595108023029788e+01 3.500000000000000000e+01 3.500000000000000000e+01
